"","Kingdom","Phylum","Class","Order","Family","Genus","Species"
"TACGGAAGGTCCAGGCGTTATCCGGATTTATTGGGTTTAAAGGGAGCGTAGGCGGAGAGATAAGTCAGCGGTAAAATCGTGCGGCTCAACCGTACCTCGCCGTTGATACTGTTTTTCTTGAGTGCACACAGGGATGCTGGAATTCGTCGTGTAGCGGTGAAATGCTTAGATATGACGAAGAACTCCGATCGCGAAGGCAGGTGTCCGGGGTGCAACTGACGCTGAGGCTCGAAAGTGCGG","Bacteria","Bacteroidota","Bacteroidia","Bacteroidales","Bacteroidaceae","Alloprevotella","sp018383375"
"TACGGAAGGTCCGGGCGTTATCCGGATTTATTGGGTTTAAAGGGAGCGTAGGCCGCTGTTTAAGCGTGTTGTGAAAAACCGGGGCTCAACTCCGGTCGTGCAGCGCGAACTGGACGGCTTGAGTGCGCGGTAAGTGGGCGGAATTTGTGGTGTAGCGGTGAAATGCTTAGATATCACGAAGAACTCCGATTGCGAAGGCAGCTCACTGTAGCGCAACTGACGCTGAAGCTCGAAAGTGCG","Bacteria","Bacteroidota","Bacteroidia","Bacteroidales","Bacteroidaceae","Prevotella","sp002251435"
"TACGGAAGGTCCGGGCGTTATCCGGATTTATTGGGTTTAAAGGGAGCGTAGGCCGGAGATTAAGCGTGTTGTGAAATGTAGACGCTCAACGTCTGCACTGCAGCGCGAACTGGTTTCCTTGAGTACGCACAAAGTGGGCGGAATTCGTGGTGTAGCGGTGAAATGCTTAGATATCACGAAGAACTCCGATTGCGAAGGCAGCTCACTGGAGCGCAACTGACGCTGAAGCTCGAAAGTGCG","Bacteria","Bacteroidota","Bacteroidia","Bacteroidales","Bacteroidaceae","Prevotella",NA
"TACGGGGGATGCGAGCGTTATCCGGATTTATTGGGTTTAAAGGGTGCGTAGGCGGTCCGGTAAGTCAGCCGTGAAAAGCCCCCGCTCAACGGGGGTCGTGCGTTTGATACTGTTGGACTGGAATGCGGATGCCGTGGGAGGAATGTGTGGTGTAGCGGTGAAATGCATAGATATCACACAGAACACCGATTGCGAAGGCATCTCACGAATCCGCAATTGACGCTGAGGCACGAAAGCGCG","Bacteria","Bacteroidota","Bacteroidia","Bacteroidales","UBA932","Cryptobacteroides","sp945874155"
"TACGGAGGATGCGAGCGTTATCCGGATTTATTGGGTTTAAAGGGTGCGCAGGCGGCGTGCCAAGTCAGCGGTCAAAGTTCCGGGCTCAACCCGGTGATGCCGTTGAAACTGGTGTGCTTGAGTGCGTGCGAGGGAGGCGGAATGCGTTGTGTAGCGGTGAAATGCATAGATATGACGCAGAACTCCGATTGCGAAGGCAGCTTTCCAGCACGCCACTGACGCTGAGGCACGAAAGCGTGG","Bacteria","Bacteroidota","Bacteroidia","Bacteroidales","Muribaculaceae","Sodaliphilus",NA
"TACGGAAGGTCCGGGCGTTATCCGGATTTATTGGGTTTAAAGGGAGCGTAGGCCGGAGATTAAGCGTGTTGTGAAATGCCGCGGCTCAACCGTGGCACTGCAGCGCGAACTGGTTTTCTTGAGTGCGCGCGACGCAGGCGGAATTCGTGGTGTAGCGGTGAAATGCTTAGATATCACGAGGAACCCCGATTGCGAAGGCAGCTTGCGGGAGCGCAACTGACGCTGAAGCTCGAAGGTGCG","Bacteria","Bacteroidota","Bacteroidia","Bacteroidales","Bacteroidaceae","Prevotella","sp002251365"
"TACGGAAGGTCCGGGCGTTATCCGGATTTATTGGGTTTAAAGGGAGCGCAGGCCGTATGGTAAGCGTGTTGTGAAATGCCGTGGCTCAACCATGGCACTGCAGCGCGAACTGCCGTACTTGAGTACGCTGGAGGTAGGCGGAATTCGTGGTGTAGCGGTGAAATGCTTAGATATCACGAAGAACCCCGATTGCGAAGGCAGCCTACCGTAGCGGCACTGACGCTGAGGCTCGAAAGCGTG","Bacteria","Bacteroidota","Bacteroidia","Bacteroidales","Bacteroidaceae","Prevotella",NA
"CACGTAAGCCTCGAGCGTTGTTCGGAATTATTGGGCGTAAAGGGCATGTAGGCGGAATTGCAAGCTTGATGTGAAAGGCAGGGGCTTAACTCCTGGATTGCGTTGAGAACTGCATAACTAGAGTAACTGAGGGGCAGCCGGAATTCCAGGTGTAGGGGTGAAATCTGTAGATATCTGGAAGAACACCAATGGCGAAGGCAGGCTACCAGCAGATTACTGACGCTGAGGTGCGAAGGTATG","Bacteria","Spirochaetota","Spirochaetia","Treponematales","Treponemataceae","Treponema_D",NA
"TACGTAGGTGGCGAGCGTTGTCCGGAATTATTGGGCGTAAAGGGAGCGCAGGCGGGAGAGTAAGTCTATCCTAAAAGTGCGGGGCTCAACCCCGTGAGGGGATGGAAACTATTCTTCTTGAGTGCAGGAGAGGAAAGCGGAATTCCTAGTGTAGCGGTGAAATGCGTAGATATTAGGAGGAACACCAGTGGCGAAGGCGGCTTTCTGGACTGTAACTGACGCTGAGGCTCGAAAGCCAGG","Bacteria","Bacillota_C","Negativicutes","Selenomonadales","Selenomonadaceae",NA,NA
"TACGGAAGGTCCGGGCGTTATCCGGATTTATTGGGTTTAAAGGGAGCGTAGGCGGGCTATTAAGTCAGCTGTGAAATCCGGCGGCTCAACCGTCGGCCTGCAGTTGATACTGGTGGTCTTGAGTGCGCGCAGGGGCGTTGGAATTCATGGTGTAGCGGTGAAATGCTCAGATATCATGAAGAACTCCGATCGCGAAGGCAGATGCCCGGAGCGCAACTGACGCTGAGGCTCGAAAGTGCG","Bacteria","Bacteroidota","Bacteroidia","Bacteroidales","Bacteroidaceae","Alloprevotella",NA
"TACGGAAGGTCCGGGCGTTATCCGGATTTATTGGGTTTAAAGGGAGCGTAGGCGGGCTGTTAAGTCAGCTGTGAAATCCGGCGGCTCAACCGTCGGCCTGCAGTTGATACTGGCGGCCTTGAGTGCGCGCAGGGGCGTTGGAATTCATGGTGTAGCGGTGAAATGCTCAGATATCATGAAGAACTCCGATCGCGAAGGCAGATGCCCGGAGCGCAACTGACGCTGAGGCTCGAAAGTGCG","Bacteria","Bacteroidota","Bacteroidia","Bacteroidales","Bacteroidaceae","Alloprevotella",NA
"TACGGAAGGTCCGGGCGTTATCCGGATTTATTGGGTTTAAAGGGAGCGTAGGCGGGCTGTTAAGTCAGCTGTGAAATCCGGCGGCTCAACCGTCGGCCTGCAGTTGATACTGGTGGTCTTGAGTGCGCGCAGGGGCGTTGGAATTCATGGTGTAGCGGTGAAATGCTCAGATATCATGAAGAACTCCGATCGCGAAGGCAGATGCCCGGAGCGCAACTGACGCTGAGGCTCGAAAGTGCG","Bacteria","Bacteroidota","Bacteroidia","Bacteroidales","Bacteroidaceae","Alloprevotella",NA
"TACGTAGGTGGCAAGCGTTGTCCGGAATTATTGGGCGTAAAGGGCGCGCAGGCGGCGTCGTAAGTCGGTCTTAAAAGTGCGGGGCTTAACCCCGTGAGGGGACCGAAACTGCGATGCTAGAGTATCGGAGAGGAAAGCGGAATTCCTAGTGTAGCGGTGAAATGCGTAGATATTAGGAGGAACACCAGTGGCGAAAGCGGCTTTCTGGACGACAACTGACGCTGAGGCGCGAAAGCCAGG","Bacteria","Bacillota_C","Negativicutes","Veillonellales","Megasphaeraceae","Megasphaera",NA
"TACGTAGGTGGCGAGCGTTGTCCGGAATTATTGGGCGTAAAGGGAGCGCAGGTGGGACTTCAAGTCAGTCTTAAAAGTGCGGGGCTCAACCCCGTGATGGGATTGAAACTGTAGTTCTTGAGTGCAGGAGAGGAAAGCGGAATTCCTAGTGTAGCGGTGAAATGCGTAGATATTAGGAGGAACACCAGTGGCGAAGGCGGCTTTCTGGACTGTAACTGACACTGAGGCTCGAAAGCGTGG","Bacteria","Bacillota_C","Negativicutes","Selenomonadales","Selenomonadaceae","Selenomonas_A",NA
"CACGTAAGTTGCGAGCGTTGTTCGGAATTATTGGGCGTAAAGGGCATGTAGGCGGTTTTGCAAGCTTGATGTGAAAGGCAGGAGCTTAACTCCTGGACTGCGTTGAGAACTGCATGACTGGAGTCACTGAGGGGCAATCAGAATTCCTGGTGTAGGGGTGAAATCTGTAGATATCAGGAAGAATACCAATGGCGAAGGCAGGTTACCAGCAGATGACTGACGCTGAGGTGCGAAGGTGCG","Bacteria","Spirochaetota","Spirochaetia","Treponematales","Treponemataceae","Treponema_D",NA
"TACGGAAGGTCCGGGCGTTATCCGGATTTATTGGGTTTAAAGGGAGCGTAGGCGGGCTGTTAAGTCAGCTGTGAAATCCGGCGGCTCAACCGTCGGCCTGCAGTTGATACTGGTGGCCTTGAGTGCGCGCAGGGGCGTTGGAATTCATGGTGTAGCGGTGAAATGCTCAGATATCATGAAGAACTCCGATCGCGAAGGCAGATGCCCGGAGCGCAACTGACGCTGAGGCTCGAAAGTGCG","Bacteria","Bacteroidota","Bacteroidia","Bacteroidales","Bacteroidaceae","Alloprevotella",NA
"TACGTATGGAGCAAGCGTTATCCGGATTTACTGGGTGTAAAGGGAGTGTAGGTGGCATCACAAGTCAGAAGTGAAAGCCCGGGGCTCAACCCCGGGACTGCTTTTGAAACTGTGGAGCTAGAGTGCAGGAGGGGCAAGTGGAATTCCTAGTGTAGCGGTGAAATGCGTAGATATTAGGAGGAACACCAGTGGCGAAGGCGGCTTGCTGGACTGTAACTGACACTGAGGCTCGAAAGCGTG","Bacteria","Bacillota_A","Clostridia","Lachnospirales","Lachnospiraceae","CAMUXE01",NA
"TACGGAAGGTCCGGGCGTTATCCGGATTTATTGGGTTTAAAGGGAGCGTAGGCCGCCTGGTAAGCGTGTTGTGAAATGTCGTTGCTCAACAACGTCACTGCAGCGCGAACTGCCGGGCTTGAGTGTGCGGAAAGCGGGCGGAATTTGTGGTGTAGCGGTGAAATGCTTAGATATCACGAAGAACTCCGATTGCGAAGGCAGCTCGCTGTAGCATTACTGACGCTGAAGCTCGAAGGTGCG","Bacteria","Bacteroidota","Bacteroidia","Bacteroidales","Bacteroidaceae","Prevotella","sp004556065"
"TACGTAGGGGGCAAGCGTTATCCGGATTTACTGGGTGTAAAGGGAGCGCAGGCGGTCTTGCAAGTCTGATGTGAAAGCCCGGGGCTCAACCCCGGGACTGCATTGGAAACTGTGAGACTTGAGTGTCGGAGGGGCAAGTGGAATTCCTAGTGTAGCGGTGAAATGCGTAGATATTAGGAGGAACACCAGTGGCGAAGGCGGCTTGCTGGACGACAACTGACGCTGAGGCTCGAAAGCGTG","Bacteria","Bacillota_A","Clostridia","Lachnospirales","Lachnospiraceae","Roseburia_D",NA
"TACGGAAGATGCGAGCGTTATCCGGATTTATTGGGTTTAAAGGGAGCGTAGGCGGGCTGTTAAGTCAGCGGTCAAATGTCAGGGCCCAACCTTGGCATGCCGTTGATACTGGCGGCCTTGAGTTCACACAAGGAAGGTGGAATTCGTCGTGTAGCGGTGAAATGCTTAGATATGACGAAGAACTCCGATTGCGAAGGCAGCCTTCTGGGGTGTTACTGACGCTGAGGCTCGAAAGTGCGG","Bacteria","Bacteroidota","Bacteroidia","Bacteroidales","Bacteroidaceae","UBA4372",NA
"TACGGAAGGTCCGGGCGTTATCCGGATTTATTGGGTTTAAAGGGAGCGTAGGCCGTCTGTTAAGCGTGTTGTGAAATGTCGGGGCTCAACCTGGGCATTGCAGCGCGAACTGGCAGACTTGAGTGCACGGGAAGTAGGCGGAATTCGTCGTGTAGCGGTGAAATGCTTAGATATGACGAAGAACTCCGATTGCGAAGGCAGCCTGCTGTAGTGCAACTGACGCTGAAGCTCGAAAGCGTG","Bacteria","Bacteroidota","Bacteroidia","Bacteroidales","Bacteroidaceae","Prevotella","sp900552515"
"CACGTAAGTTGCGAGCGTTGTTCGGAATTATTGGGCGTAAAGGGCATGTAGGCGGTTTTGCAAGCTTGGTGTGAAATTCCGGAGCTCAACTCCGGAACTGCGTTGAGAACTGCATAACTAGAGTCACTGAGGGGCAATCAGAATTCCAGGTGTAGGGGTGAAATCTGTAGATATCTGGAAGAATACCAATGGCGAAGGCAGGTTACCAGCAGATGACTGACGCTGAGGTGCGAAGGTGCG","Bacteria","Spirochaetota","Spirochaetia","Treponematales","Treponemataceae","Treponema_D",NA
"TACGGAAGGTCCGGGCGTTATCCGGATTTATTGGGTTTAAAGGGAGCGTAGGCCGGAGGGTAAGCGTGTTGTGAAATGCAGTTGCTCAACATCTGCACTGCAGCGCGAACTGTTCTCCTTGAGTGCGCAGGAAGTAGGCGGAATTCGTCGTGTAGCGGTGAAATGCTTAGATATGACGAAGAACTCCGATTGGGAAGCCAGCTTACTGTAGCGCCACTGACGCTGATGCTCGAAAGTGCG","Bacteria","Bacteroidota","Bacteroidia","Bacteroidales","Bacteroidaceae","Prevotella",NA
"TACGGGGGATGCGAGCGTTATCCGGATTTATTGGGTTTAAAGGGTGCGTAGGCGGAAGTGCAAGTCAGCGGTGAAATCCCCGCGCTCAACGCGGGAGTTGCCGTTGATACTGTACATCTGGAATGCTCTTGCCGTGGGAGGAATGAGTAGTGTAGCGGTGAAATGCATAGATATTACTCAGAACACCGATTGCGAAGGCATCTCACGAAGGGGCGATTGACGCTGAGGCACGAAAGCGTG","Bacteria","Bacteroidota","Bacteroidia","Bacteroidales","UBA932","RUG11257",NA
"TACGTAGGTGGCGAGCGTTGTCCGGAATTATTGGGCGTAAAGAGCATGTAGGCGGTTTTTTAAGTCCGGAGTGAAAATGCGGGGCTCAACCCCGTATGGCTCTGGATACTGGAAGACTTGAGTGCAGGAGAGGAAAGGGGAATTCCCAGTGTAGCGGTGAAATGCGTAGATATTGGGAGGAACACCAGTGGCGAAGGCGCCTTTCTGGACTGTGTCTGACGCTGAGATGCGAAAGCCAGG","Bacteria","Bacillota_C","Negativicutes","Acidaminococcales","Acidaminococcaceae","Phascolarctobacterium_A","sp900553055"
"TACGGAAGGTCCGGGCGTTATCCGGATTTATTGGGTTTAAAGGGAGCGTAGGCCGCCTTTTAAGCGTGTTGTGAAATGCAGTCGCTCAACGTCTGCACTGCAGCGCGAACTGGAGGGCTTGAGTGCACGGGAAGCTGGCGGAATTCGTCGTGTAGCGGTGAAATGCTTAGATATGACGAAGAACCCCGATTGCGAAGGCAGCTGGCTGTAGTGCCACTGACGCTGAAGCTCGAAAGTGCG","Bacteria","Bacteroidota","Bacteroidia","Bacteroidales","Bacteroidaceae","Prevotella",NA
"TACGGGGGATGCGAGCGTTATCCGGATTCATTGGGTTTAAAGGGTGCGTAGGCGGCTTTGCAAGTCAGCGGTGAAAGGCCCGGGCTCAACCCGGAAAGTGCCGTTGATACTGTGAGGCTGGAATGCGGATGCTGTGGGAGGAATGAGTGGTGTAGCGGTGAAATGCATAGATATCACTCAGAACACCGATTGCGAAGGCATCTCACAAATCCGCAATTGACGCTGAGGCACGAAAGCGTG","Bacteria","Bacteroidota","Bacteroidia","Bacteroidales","UBA932","RUG11257",NA
"TACGGAAGGTCCGGGCGTTATCCGGATTTATTGGGTTTAAAGGGAGCGCAGGCGGTCTTATAAGCGTGACGTGAAATGCAGCGGCTCAACCGTATGATGTGCGTCGCGAACTGTGAGACTTGAGTGTATTCGATGTCAGCGGAATTTGTGGTGTAGCGGTGAAATGCTTAGATATCACGAAGAACTCCGATTGCGAAGGCAGCTGACAAGGCTACAACTGACGCTAAAGCTCGAAAGTGC","Bacteria","Bacteroidota","Bacteroidia","Bacteroidales","Bacteroidaceae","Prevotella","sp002251295"
"TACGGAAGGTCCGGGCGTTATCCGGATTTATTGGGTTTAAAGGGAGCGTAGGCCGGAGATTAAGCGTGTTGTGAAATGTAGATGCTCAACATCTGCACTGCAGCGCGAACTGGTTTCCTTGAGTACGCACAAAGTGGGCGGAATTCGTGGTGTAGCGGTGAAATGCTTAGATATCACGAAGAACTCCGATTGCGAAGGCAGCTCACTGGAGCGCAACTGACGCTGAAGCTCGAAAGTGCG","Bacteria","Bacteroidota","Bacteroidia","Bacteroidales","Bacteroidaceae","Prevotella",NA
"TACGGAGGATGCGAGCGTTATCCGGATTTATTGGGTTTAAAGGGTGCGCAGGCGGCGCGCCAAGTCAGCGGTCAAAGTTCCGGGCTCAACCCGGTGTCGCCGTTGAAACTGGCGTGCTCGAGTGCGTGCGAGGAAGGCGGAATGCGTTGTGTAGCGGTGAAATGCATAGATATGACGCAGAACTCCGATTGCGAAGGCAGCTTTCCAGCGCGCTACTGACGCTGAGGCACGAAAGCGTGG","Bacteria","Bacteroidota","Bacteroidia","Bacteroidales","Muribaculaceae","Sodaliphilus",NA
"TACGGAAGGTCCGGGCGTTATCCGGATTTATTGGGTTTAAAGGGAGCGTAGGCTGGAGATTAAGCGTGTTGTGAAATGCCGCGGCTCAACCGTGGCACTGCAGCGCGAACTGGTTTCCTTGAGTGCGCTGAAAGTGGGCGGAATTTGTGGTGTAGCGGTGAAATGCTTAGATATCACGAAGAACTCCGATTGCGAAGGCAGCTCACTGTATCGCGACTGACGCTGAAGCTCGAAAGTGCG","Bacteria","Bacteroidota","Bacteroidia","Bacteroidales","Bacteroidaceae","Prevotella","sp002251245"
"TACGGAAGGTCCAGGCGTTATCCGGATTTATTGGGTTTAAAGGGAGCGTAGGCGGAGAGATAAGTCAGCGGTAAAATCGTGCGGCTCAACCGTACCTCGCCGTTGATACTGTTTTTCTTGAGTGCACACAAGGATGCTGGAATTCGTCGTGTAGCGGTGAAATGCTTAGATATGACGAAGAACTCCGATCGCGAAGGCAGGTGTCCGGGGTGCAACTGACGCTGAGGCTCGAAAGTGCGG","Bacteria","Bacteroidota","Bacteroidia","Bacteroidales","Bacteroidaceae","Alloprevotella",NA
"TACGGAAGGTCCGGGCGTTATCCGGATTTATTGGGTTTAAAGGGAGCGCAGGCCGCCGGGCAAGCGTGTTGTGAAATGCAGTCGCTCAACGTCTGCACTGCAGCGCGAACTGCCCAGCTTGAGTGCGCGCAACGTTGGCGGAATTCGCCGTGTAGCGGTGAAATGCTTAGATATGGCGAAGAACTCCGATTGCGAAGGCAGCTGACGGGTGCGTAACTGACGCTCATGCTCGAAAGTGCG","Bacteria","Bacteroidota","Bacteroidia","Bacteroidales","Bacteroidaceae","Prevotella","faecis"
"TACGTAGGGTGCAAGCGTTATCCGGATTTACTGGGTGTAAAGGGCGAGTAGACGGCGATGCAAGTCAGATGTGAAATGCTAGGGCTTAACCTTAGAACTGCATCTGAAACTGTATTGCTAGAGTGCAGGAGAGGTAAACGGAATTCCTAGTGTAGCGGTGAAATGCGTAGATATTAGGAGGAACATCAGTGGCGAAGGCGGTTTACTGGACTGTAACTGACGTTGAGGCGCGAAAGCGTG","Bacteria","Bacillota_A","Clostridia","Lachnospirales",NA,NA,NA
"CACGTAAGTTGCGAGCGTTGTTCGGAATTATTGGGCGTAAAGGGCATGTAGGCGGTCGTGCAAGCTTGGTGTGAAATCCCGGGGCTCAACTCCGGGACTGCGTTGAGAACTGCACGGCTAGAGTAACTGAGGGGCAGCCGGAATTCCAGGTGTAGGGGTGAAATCTGTAGATATCTGGAAGAACACCAATGGCGAAGGCAGGCTGCCAGCAGATTACTGACGCTGAGGTGCGAAGGTGCG","Bacteria","Spirochaetota","Spirochaetia","Treponematales","Treponemataceae","Treponema_D",NA
"TACGGAAGGTCCGGGCGTTATCCGGATTTATTGGGTTTAAAGGGAGCGTAGGCCGGAGATTAAGCGTGTTGTGAAATGTAGTGGCTCAACCTCTGCACTGCAGCGCGAACTGGTCTTCTTGAGTACGCACAACGTGGGCGGAATTCGTGGTGTAGCGGTGAAATGCTTAGATATCACGAAGAACTCCGATTGCGAAGGCAGCTCACGGGAGCGCAACTGACGCTGAAGCTCGAAAGTGCG","Bacteria","Bacteroidota","Bacteroidia","Bacteroidales","Bacteroidaceae","Prevotella","sp945863825"
"TACGTAGGTCCCGAGCGTTGTCCGGATTTATTGGGCGTAAAGCGAGCGCAGGCGGTTTAATAAGTCTGAAGTTAAAGGCAGTGGCTTAACCATTGTTCGCTTTGGAAACTGTTAAACTTGAGTGCAGAAGGGGAGAGTGGAATTCCATGTGTAGCGGTGAAATGCGTAGATATATGGAGGAACACCGGTGGCGAAAGCGGCTCTCTGGTCTGTAACTGACGCTGAGGCTCGAAAGCGTGG","Bacteria","Bacillota","Bacilli","Lactobacillales","Streptococcaceae","Streptococcus",NA
"TACGGGGGGTGTAAGCGTTGTTCGGAATTACTGGGCGTAAAGGGCGTGCAGGCGGCCGCCGCAAGTTGAATGTGAAATCCCTGGGCTTAACCTAGGACGTGCGTTCAAGACTGCGGGGCTTGAATACGGGAGAGGGTCGTGGAATTCCTGGTGTAGAGGTGAAATTCGTAGATATCAGGAGGAACACTCGTGGCGAAGGCGACGACCTGGACCGATATTGACGCTGAGACGCGAAAGCGT","Bacteria","Bacillota_A","Clostridia","Christensenellales","CAG-138","SFDB01",NA
"TACGGAAGGTCCGGGCGTTATCCGGATTTATTGGGTTTAAAGGGAGCGCAGGCCGTGGGTTAAGCGTGTCGTGAAATTCCGTCGCTCAACGGCGGACGTGCGGCGCGAACTGGTCCACTTGAGTACGCGGGACGTTGGCGGAATTCGTGGTGTAGCGGTGAAATGCTTAGATATCACGAAGAACTCCGATTGCGAAGGCAGCTGACGGTAGCGCAACTGACGCTGAGGCTCGAAAGTGCG","Bacteria","Bacteroidota","Bacteroidia","Bacteroidales","Bacteroidaceae","Prevotella","pectinovora"
"TACGTATGGTGCAAGCGTTATCCGGATTTACTGGGTGTAAAGGGAGCGCAGGCGGTACGGCAAGTCTGATGTGAAAGCCCGGGGCTCAACCCCGGTACTGCATTGGAAACTGTCGGACTAGAGTGTCGGAGGGGTAAGTGGAATTCCTAGTGTAGCGGTGAAATGCGTAGATATTAGGAGGAACACCAGTGGCGAAGGCGGCTTACTGGACGATAACTGACGCTGAGGCTCGAAAGCGTG","Bacteria","Bacillota_A","Clostridia","Lachnospirales","Lachnospiraceae","Roseburia",NA
"TACGGAAGGTCCGGGCGTTATCCGGATTTATTGGGTTTAAAGGGAGCGTAGGCCGCCTGGTAAGCGTGTTGTGAAATGTCGTTGCTCAACAACGTCACTGCAGCGCGAACTGCTGGGCTTGAGTGTGCGGAAAGCGGGCGGAATTTGTGGTGTAGCGGTGAAATGCTTAGATATCACGAAGAACTCCGATTGCGAAGGCAGCTCGCTGTAGCATTACTGACGCTGAAGCTCGAAGGTGCG","Bacteria","Bacteroidota","Bacteroidia","Bacteroidales","Bacteroidaceae","Prevotella",NA
"CACGTAAGTTGCGAGCGTTGTTCGGAATTATTGGGCGTAAAGGGCATGTAGGCGGTTTTGCAAGCTTGGTGTGAAATGCCGGAGCTTAACTCCGGAATTGCGTTGAGAACTGCATAACTAGAGTCACTGAGGGGCAATCAGAATTCCAGGTGTAGGGGTGAAATCTGTAGATATCTGGAAGAATACCAATGGCGAAGGCAGGTTACCAGCAGATGACTGACGCTGAGGTGCGAAGGTGCG","Bacteria","Spirochaetota","Spirochaetia","Treponematales","Treponemataceae","Treponema_D",NA
"TACGTAGGTGGCAAGCGTTGTCCGGATTTACTGGGTGTAAAGGGCGTGTAGCCGGGCCGACAAGTCAGATGTGAAATCCACGGGCTTAACCCGTGAACTGCATTTGAAACTGTTGGTCTTGAGTATCGGAGAGGTAACCGGAATTCCTAGTGTAGCGGTGAAATGCGTAGATATTAGGAAGAACACCAGTGGCGAAGGCGGGTTACTGGACGACAACTGACGGTGAGGCGCGAAAGCGTG","Bacteria","Bacillota_A","Clostridia","Oscillospirales","Oscillospiraceae","Dysosmobacter",NA
"TACGGAAGGTCCGGGCGTTATCCGGATTTATTGGGTTTAAAGGGAGCGTAGGCCGTCGTTTAAGCGTGTTGTGAAATGCCGCGGCTCAACCGTGGCACTGCAGCGCGAACTGGATGACTTGAGTTCGCGGGAGGTAGGCGGAATTCGTGGTGTAGCGGTGAAATGCTTAGATATCACGAAGAACTCCGATTGCGAAGGCAGCTTACCGTAGCGTTACTGACGCTGAAGCTCGAAAGTGCG","Bacteria","Bacteroidota","Bacteroidia","Bacteroidales","Bacteroidaceae","Prevotella",NA
"TACGTAGGTGGCAAGCGTTATCCGGATTTACTGGGTGTAAAGGGTGTGTAGGCGGAGAGGCAAGTCAGGCGTGGAAATTACGGGCTCAACCCGTAACTTGCGCTTGAAACTGTTTCCCTTGAGTGTCGGAGAGGTAAATGGAATTCCCAGTGTAGCGGTGAAATGCGTAGATATTGGGAGGAACACCGGTGGCGAAGGCGGTTTACTGGACGACAACTGACGCTGAGACACGAAAGTGTG","Bacteria","Bacillota_A","Clostridia","Oscillospirales","CAG-272","RUG13077",NA
"TACGGAGGATGCAAGCGTTATCCGGATTCATTGGGTTTAAAGGGTGCGTAGGCGGCTTGGTAAGTCAGCGGTGAAATTCCAGTGCTCAACATTGGCCGTGCCGTTGATACTGCTGGGCTTGAATGCGGATGCCGTGGGAGGAATGTGTGGTGTAGCGGTGAAATGCATAGATATCACACAGAACACCGATTGCGAAGGCATCTCACGAATCCGCAATTGACGCTGAGGCACGAAAGTGTG","Bacteria","Bacteroidota","Bacteroidia","Bacteroidales","UBA932","RUG11257",NA
"TACGTATGGTGCAAGCGTTATCCGGATTTACTGGGTGTAAAGGGAGCGCAGGCGGTGCGGCAAGTCTGATGTGAAAGCCCGGGGCTCAACCCCGGTACTGCATTGGAAACTGTCGTACTAGAGTGTCGGAGGGGTAAGTGGAATTCCTAGTGTAGCGGTGAAATGCGTAGATATTAGGAGGAACACCAGTGGCGAAGGCGGCTTACTGGACGATAACTGACGCTGAGGCTCGAAAGCGTG","Bacteria","Bacillota_A","Clostridia","Lachnospirales","Lachnospiraceae",NA,NA
"TACGTAGGTTGCAAGCGTTGTCCGGATTTACTGGGTGTAAAGGGCGTGTAGGCGGAGATGCAAGTTGGGAGTGAAATCCATGGGCTTAACCCATGAACTGCTCTCAAAACTGTATCCCTTGAGTATCGGAGAGGCAAGCGGAATTCCTAGTGTAGCGGTGAAATGCGTAGATATTAGGAGGAACACCAGTGGCGAAGGCGGCTTGCTGGACGACAACTGACGCTGAGGCGCGAAAGCGTG","Bacteria","Bacillota_A","Clostridia",NA,NA,NA,NA
"TACGTATGGTGCAAGCGTTATCCGGATTTACTGGGTGTAAAGGGAGCGCAGACGGCATGGCAAGCCAGATGTGAAAGGTGGGGGCTCAACCCCCAAGCTGCATTTGGAACTGTCAAGCTAGAGTATCGGAGAGGTAAGTGGAATTCCTAGTGTAGCGGTGAAATGCGTAGATATTAGGAGGAACACCAGTGGCGAAGGCGGCTTACTGGACGATAACTGACGTTGAGGCTCGAAAGCGTG","Bacteria","Bacillota_A","Clostridia","Christensenellales","CAG-1252","RUG14300","sp945482995"
"TACGTAGGGGGCAAGCGTTATCCGGATTTACTGGGTGTAAAGGGAGCGTAGACGGCAAAGCAAGTCTGAAGTGAAAGCCCCGGGCTCAACCCGGGAACTGCTTTGGAAACTGTTTAGCTAGAGTGCAGGAGAGGTAAGTGGAATTCCTAGTGTAGCGGTGAAATGCGTAGATATTAGGAGGAACACCAGTGGCGAAGGCGGCTTACTGGACTGTAACTGACGTTGAGGCTCGAAAGCGTG","Bacteria","Bacillota_A","Clostridia","Lachnospirales","Lachnospiraceae",NA,NA
"TACGTAGGTGGCGAGCGTTATCCGGATTTATTGGGCGTAAAGCGTCCGCAGCCGGTTTATTAAGTCTAGAATAAAAGCCTGGAGCTTAACTCCAGTTCGTTCTAGAAACTGATATACTTGAGTGTAGTAGAGGCAAATGGAATTTCTAGTGTAGCGGTAAAATGCGTAGATATTAGAAGGAACACCAGTGGCGAAGGCGATTTGCTAGGCTATTACTGACGGTCAGGGACGAAAGCGTGG","Bacteria","Bacillota_I","Bacilli_A","RF39","UBA660",NA,NA
"TACGTAGGTGGCAAGCGTTGTCCGGATTTACTGGGTGTAAAGGGCGTGTAGCCGGGCCGACAAGTCAGATGTGAAATCCGCGGGCTTAACCCGCGAACTGCATTTGAAACTGTTGGTCTTGAGTATCGGAGAGGTAATCGGAATTCCTAGTGTAGCGGTGAAATGCGTAGATATTAGGAAGAACACCAGTGGCGAAGGCGGATTACTGGACGACAACTGACGGTGAGGCGCGAAAGCGTG","Bacteria","Bacillota_A","Clostridia","Oscillospirales","Oscillospiraceae","Dysosmobacter",NA
"TACGTAGGTGGCAAGCGTTGTCCGGATTTATTGGGCGTAAAGCGAGCGCAGGCGGAAGAATAAGTCTGATGTGAAAGCCCTCGGCTTAACCGAGGAACTGCATCGGAAACTGTTTTTCTTGAGTGCAGAAGAGGAGAGTGGAACTCCATGTGTAGCGGTGGAATGCGTAGATATATGGAAGAACACCAGTGGCGAAGGCGGCTCTCTGGTCTGCAACTGACGCTGAGGCTCGAAAGCATG","Bacteria","Bacillota","Bacilli","Lactobacillales","Lactobacillaceae","Lactobacillus",NA
"CACGTAAGGTGCGAGCGTTATTCGGAATTATTGGGCGTAAAGGGCACGCAGGCGGCTTTGCAAGCTTGGTGTGAAATCTCAGGGCTCAACCCTGAAACTGCATTGAGAACTGCATGGCTAGAGTTAGTGAGGGGAAACCGGAATTCCAGGTGTAGGGGTGAAATCTGTAGATATCTGGAAGAACACCAATGGCGAAGGCAGGTTTCCAGCACATAACTGACGCTCAGGTGCGAAGGTGCG","Bacteria","Spirochaetota","Spirochaetia","Treponematales","Treponemataceae","Treponema_D","berlinense"
"TACGGAAGATGCGAGCGTTATCCGGATTTATTGGGTTTAAAGGGAGCGTAGGCGGGATGGTAAGTCAGCGGTCAAATGTCCGTGCCCAACGCGGTCATGCCGTTGATACTGCCGTTCTTGAATACACACAAGGGAGATGGAATTCGTTGTGTAGCGGTGAAATGCTTAGATATGACGAAGAACTCCGATTGCGAAGGCAGTCTCCTGGGGTGGCATTGACGCTGAGGCTCGAAAGTGCGG","Bacteria","Bacteroidota","Bacteroidia","Bacteroidales","Bacteroidaceae","UBA4372",NA
"TACGGAAGGTCCGGGCGTTATCCGGATTTATTGGGTTTAAAGGGAGCGTAGGCCGTCTGTTAAGCGTGTTGTGAAATGTCGGGGCTCAACCTGGGCATTGCAGCGCGAACTGGCAGACTTGAGTGCGCAGGAAGTAGGCGGAATTCGTCGTGTAGCGGTGAAATGCTTAGATATGACGAAGAACTCCGATTGCGAAGGCAGCCTGCTGTAGCGTAACTGACGCTGAAGCTCGAAAGCGTG","Bacteria","Bacteroidota","Bacteroidia","Bacteroidales","Bacteroidaceae","Prevotella","sp900544495"
"TACGGAAGGTCCGGGCGTTATCCGGATTTATTGGGTTTAAAGGGAGCGTAGGCCGTCTTTTAAGCGTGTTGTGAAATGCCGCGGCTCAACCGTGGCACTGCAGCGCGAACTGGAGGACTTGAGTGCGCAGGAGGTAGGCGGAATTCGTGGTGTAGCGGTGAAATGCTTAGATATCACGAAGAACCCCGATTGCGAAGGCAGCTTACCGTAGCGTTACTGACGCTGAAGCTCGAAAGTGCG","Bacteria","Bacteroidota","Bacteroidia","Bacteroidales","Bacteroidaceae","Prevotella",NA
"TACGGAAGATGCGAGCGTTATCCGGATTTATTGGGTTTAAAGGGAGCGTAGGCGGAGCGTCAAGTCAGCTGTGAAATGTCGCGGCTCAACCGTGGAGCTGCAGTTGAAACTGGCGTTCTTGAGTATACATAAGGATGGTGGAATTCGTGGTGTAGCGGTGAAATGCTTAGATATCACGAAGAACTCCGATTGCGAAGGCAGCCATCTGGGGTATTACTGACGCTGAGGCTCGAAAGTGCG","Bacteria","Bacteroidota","Bacteroidia","Bacteroidales","Bacteroidaceae","UBA6382",NA
"TACGTAGGCGGCAAGCGTTGTCCGGAATCATTGGGCGTAAAGGGAGCGCAGGTGGACGTATAGGTCCTTCTTAAAAGTTCGGGGCTCAGCCCCGTGAGGGGAAGGAAACCATGCGTCTTGAGTGCAGGAGAGGGAAGCGGAATTCCTGGTGTAGCGGTGAAATGCGTAGATATCAGGAAGAACACCAGTGGCGAAGGCGGCTTTCTGGACTGCAACTGACACTGAGGCTCGAAAGCCAGG","Bacteria","Bacillota_C","Negativicutes","Selenomonadales","Selenomonadaceae","Schwartzia",NA
"TACGTAGGTGGCGAGCGTTGTCCGGATTTACTGGGCGTAAAGGGAGCGTAGGCGGATTTTTAAGTGAGATGTGAAATACTCGGGCTTAACCTGAGTGCTGCATTTCAAACTGGAAGTCTAGAGTGCAGGAGAGGAGAAGGGAATTCCTAGTGTAGCGGTGAAATGCGTAGAGATTAGGAAGAACACCAGTGGCGAAGGCGCTTCTCTGGACTGTAACTGACGCTGAGGCTCGAAAGCGTG","Bacteria","Bacillota_A","Clostridia","Clostridiales","Clostridiaceae","Clostridium","lentum"
"TACGTAGGGTGCGAGCGTTAATCGGAATAACTGGGCGTAAAGGGTGAGTAGGCGGTTTAGTAAGATAGTTGTGAAATTCCCGCGCTTAACGTGGGGACTGCGGCTATGACTGCTAAACTAGAATAGAACAGAGGAAAGTGGAATTCCACGTGTAGCAGTGAAATGCGTAGAGATGTGGAGGAACACCAATGGCGAAGGCAGCTTTCTGGGTTACTATTGACGCTCAGTCACGAAAGCGTG","Bacteria","Pseudomonadota","Gammaproteobacteria","Burkholderiales","Rhodocyclaceae","SFHR01","sp004555545"
"TACGGAAGGTCCGGGCGTTATCCGGATTTATTGGGTTTAAAGGGAGCGTAGGCCGTTGTTTAAGCGTGTTGTGAAATGCCGCGGCTCAACCGTGGCACTGCAGCGCGAACTGGATGACTTGAGTGCGCGGGAGGTAGGCGGAATTCGTGGTGTAGCGGTGAAATGCTTAGATATCACGAAGAACTCCGATTGCGAAGGCAGCTTACCGTAGCGTTACTGACGCTGAAGCTCGAAAGTGCG","Bacteria","Bacteroidota","Bacteroidia","Bacteroidales","Bacteroidaceae","Prevotella",NA
"TACGTAGGGGGCAAGCGTTATCCGGATTTACTGGGTGTAAAGGGAGCGCAGGCGGTGCGGCAAGTCTGATGTGAAAGCCCGGGGCTCAACCCCGGGACTGCATTGGAAACTGTCGGACTAGAGTGCCGGAGAGGTAAGTGGAATTCCTAGTGTAGCGGTGAAATGCGTAGATATTAGGAGGAACACCAGTGGCGAAGGCGGCTTACTGGACGGTAACTGACGCTGAGGCTCGAAAGCGTG","Bacteria","Bacillota_A","Clostridia","Lachnospirales","Lachnospiraceae",NA,NA
"TACGTAGGTGGCGAGCGTTGTCCGGAATTATTGGGCGTAAAGAGCATGTAGGCGGTTTTTTAAGTCTGGAGTGAAAATGCGGGGCTCAACCCCGTATGGCTCTGGATACTGGAAGACTTGAGTGCAGGAGAGGAAAGGGGAATTCCCAGTGTAGCGGTGAAATGCGTAGATATTGGGAGGAACACCAGTGGCGAAGGCGCCTTTCTGGACTGTGTCTGACGCTGAGATGCGAAAGCCAGG","Bacteria","Bacillota_C","Negativicutes","Acidaminococcales","Acidaminococcaceae","Phascolarctobacterium_A",NA
"TACGTAGGTGGCAAGCGTTGTCCGGATTTACTGGGTGTAAAGGGCGTGTAGCCGGGAGGGCAAGTCAGATGTGAAATCCACGGGCTTAACTCGTGAACTGCATTTGAAACTGTTCTTCTTGAGTATCGGAGAGGCAATCGGAATTCCTAGTGTAGCGGTGAAATGCGTAGATATTAGGAGGAACACCAGTGGCGAAGGCGGATTGCTGGACGACAACTGACGGTGAGGCGCGAAAGCGTG","Bacteria","Bacillota_A","Clostridia","Oscillospirales","Oscillospiraceae","Vescimonas","fastidiosa"
"TACGGAAGGTCCGGGCGTTATCCGGATTTATTGGGTTTAAAGGGAGCGTAGGCCGTCTTTTAAGCGTGTTGTGAAATACTGTCGCTCAACGACAGAGGTGCAGCGCGAACTGGGAGACTTGAGTGCGCGGAATGCAGGCGGAATTCGTCGTGTAGCGGTGAAATGCTTAGATATGACGAAGAACTCCGATTGCGAAGGCAGCTTGCAGTAGCGTAACTGACGCTGAAGCTCGAAAGTGCG","Bacteria","Bacteroidota","Bacteroidia","Bacteroidales","Bacteroidaceae","Prevotella",NA
"TACGTAGGTGGCGAGCGTTGTCCGGAATTATTGGGCGTAAAGGGAGCGCAGGTGGGACTTCAAGTCAGTCTTAAAAGTGCGGGGCTCAACCCCGTGATGGGATTGAAACTGTAGTTCTTGAGTGCAGGAGAGGAAAGCGGAATTCCTAGTGTAGCGGTGAAATGCGTAGATATTAGGAGGAACACCAGTGGCGAAGGCGGTTTTCTGGACTGTAACTGACACTGAGGCTCGAAAGCGTGG","Bacteria","Bacillota_C","Negativicutes","Selenomonadales","Selenomonadaceae",NA,NA
"TACGTAGGTGGCAAGCGTTGTCCGGATTTACTGGGTGTAAAGGGCGTGTAGCCGGGTCGGCAAGTCAGATGTGAAATCCACGGGCTTAACTCGTGAACTGCATTTGAAACTGTTGATCTTGAGTATCGGAGAGGCAATCGGAATTCCTAGTGTAGCGGTGAAATGCGTAGATATTAGGAGGAACACCAGTGGCGAAGGCGGATTGCTGGACGACAACTGACGGTGAGGCGCGAAAGCGTG","Bacteria","Bacillota_A","Clostridia","Oscillospirales","Oscillospiraceae","Vescimonas",NA
"TACGTAGGTGGCAAGCGTTGTCCGGATTTATTGGGCGTAAAGCGAGTGCAGGCGGTTCAATAAGTCTGATGTGAAAGCCTTCGGCTCAACCGGAGAATTGCATCAGAAACTGTTGAACTTGAGTGCAGAAGAGGAGAGTGGAACTCCATGTGTAGCGGTGGAATGCGTAGATATATGGAAGAACACCAGTGGCGAAGGCGGCTCTCTGGTCTGCAACTGACGCTGAGGCTCGAAAGCATG","Bacteria","Bacillota","Bacilli","Lactobacillales","Lactobacillaceae","Lactobacillus",NA
"TACGGAAGGTCCGGGCGTTATCCGGATTTATTGGGTTTAAAGGGAGCGTAGGCCGTCTTATAAGCGTGTTGTGAAATGTCGGGGCTCAACCTGGGCATTGCAGCGCGAACTGTGAGACTTGAGTGCGCAGGAAGTAGGCGGAATTCGTCGTGTAGCGGTGAAATGCTTAGATATGACGAAGAACTCCGATTGCGAAGGCAGCCTGCTGTAGCGCAACTGACGCTGAAGCTCGAAAGCGTG","Bacteria","Bacteroidota","Bacteroidia","Bacteroidales","Bacteroidaceae","Prevotella","sp000434975"
"TACGTAGGTGGCAAGCGTTGTCCGGATTTACTGGGTGTAAAGGGCGTGTAGCCGGGCCTTTAAGTCAGATGTGAAATCCGCGGGCTTAACCCGCGAACTGCATTTGAAACTGAGGGTCTTGAGTATCGGAGAGGTAATCGGAATTCCTAGTGTAGCGGTGAAATGCGTAGATATTAGGAAGAACACCAGTGGCGAAGGCGGATTACTGGACGACAACTGACGGTGAGGCGCGAAAGCGTG","Bacteria","Bacillota_A","Clostridia","Oscillospirales","Oscillospiraceae","Dysosmobacter","valericigenes_B"
"TACGGAGGATGCAAGCGTTATCCGGATTTATTGGGTTTAAAGGGTGCGTAGGCTGTTTGTCAAGTCAGAGGTGAAAGGCCGCAGCTCAACTGTGGAATTGCCTTTGATACTGGCAGGCTTGAATACTGTTGCCGTGGGAGGAATGAGTAGTGTAGCGGTGAAATGCATAGATATTACTCAGAACACCGATTGCGAAGGCATCTCACGAAGCAGACATTGACGCTGAGGCACGAAAGCGTG","Bacteria","Bacteroidota","Bacteroidia","Bacteroidales","UBA932","RUG11257",NA
"TACGTAGGGGGCAAGCGTTATCCGGATTTACTGGGTGTAAAGGGAGCGTAGACGGCAATGCAAGTCTGAAGTGAAAGGCCGGGGCTCAACCCCGGGACTGCTTTGGAAACTGTGTAGCTGGAGTACAGGAGAGGTAAGTGGAATTCCTAGTGTAGCGGTGAAATGCGTAGATATTAGGAGGAACACCAGTGGCGAAGGCGGCTTACTGGACTGTAACTGACGTTGAGGCTCGAAAGCGTG","Bacteria","Bacillota_A","Clostridia","Lachnospirales","Lachnospiraceae","Lacrimispora",NA
"TACGGAAGGTCCTGGTGTTATCCGGATTTATTGGGTTTAAAGGGAGCGTAGGCTGTTGCTTAAGCGTGTTGTGAAATGCCGCGGCTCAACCGTGGCACTGCAGCGCGAACTGGGCGGCTTGAGTTACCGGTAGGCAGGCGGAATTCGTGGTGTAGCGGTGAAATGCTTAGATATCACGAAGAACCCCGATTGCGAAGGCAGCTTGCCGTAGGTTGACTGACGCTGATGCTCGAAGGCGCG","Bacteria","Bacteroidota","Bacteroidia","Bacteroidales","Bacteroidaceae","Prevotella",NA
"TACGTAGGTCACGAGCGTTATCCGGAATTATTGGGCGTAAAGAGTGAGCAGGCGGCAAGGCAAGTCCGTGGTCAAATCATGGGGCTCAACCCCATCCAGCCTCGGAAACTACCTCGCTAGAGTGCGCGAGAGGTCAACGGAACTCCATGTGTAGCGGTGAAATGCGTAGATATATGGAAGAACACCGGTGGCGAAGGCGGTTGGCCAGCGCTGCACTGACGCTCAGTCACGAAAGCGTGG","Bacteria","Bacillota_I","Bacilli_A","RFN20","CAG-826","Enteromonas",NA
"TACGTAGGGGGCAAGCGTTATCCGGATTTACTGGGTGTAAAGGGAGCGCAGGCGGTCCTGCAAGTCTGATGTGAAAGCCCGGGGCTCAACCCCGGGACTGCATTGGAAACTGTGGGACTTGAGTGTCGGAGGGGCAAGTGGAATTCCTAGTGTAGCGGTGAAATGCGTAGATATTAGGAGGAACACCAGTGGCGAAGGCGGCTTGCTGGACGACAACTGACGCTGAGGCTCGAAAGCGTG","Bacteria","Bacillota_A","Clostridia","Lachnospirales","Lachnospiraceae",NA,NA
"TACGGAAGGTCCGGGCGTTATCCGGATTTATTGGGTTTAAAGGGAGCGCAGGCGGGCTTTTAAGTCAGTTGTGAAATACGGCGGCTCAACCGTCGGACTGCAGTTGATACTGGAAGCCTTGAGTTCACACAGGGATGCCGGAATTCATGGTGTAGCGGTGAAATGCTCAGATATCATGAAGAACCCCGATCGCGAAGGCAGGCATCCGGGGTGTTACTGACGCTGAGGCTCGAAAGTGCG","Bacteria","Bacteroidota","Bacteroidia","Bacteroidales","Bacteroidaceae","Alloprevotella",NA
"TACGTAGGTTGCAAGCGTTGTCCGGATTTACTGGGTGTAAAGGGCGTGTAGGCGGAGATGCAAGTTGGGAGTGAAATCCATGGGCTCAACCCATGAACTGCTCTCAAAACTGTATCCCTTGAGTATCGGAGAGGCAAGCGGAATTCCTAGTGTAGCGGTGAAATGCGTAGATATTAGGAGGAACACCAGTGGCGAAGGCGGCTTGCTGGACGACAACTGACGCTGAGGCGCGAAAGCGTG","Bacteria","Bacillota_A","Clostridia",NA,NA,NA,NA
"CACGTAAGTTGCGAGCGTTGTTCGGAATTATTGGGCGTAAAGGGCATGTAGGCGGTTATCTAAGCTTGGTGTGAAAGGCAGGGGCTCAACTCCTGGACTGCATTGAGAACTGGATAACTAGAGTTACTGAAGTGAAATCAGAATTCCAGGTGTAGGGGTGAAATCTGTAGATATCTGGAAGAATACCAATGGCGAAGGCAGGTTTCAGGCAGATAACTGACGCTGAGGTGCGAAGGTGCG","Bacteria","Spirochaetota","Spirochaetia","Treponematales","Treponemataceae","Treponema_F",NA
"TACGGAGGATGCGAGCGTTATCCGGATTTATTGGGTTTAAAGGGTGCGTAGGCGGTTTGTCAAGTCAGCGGTCAAACTGCGGGGCTTAACCTCGTATTGCCGTTGAAACTGGCTGACTAGCGTGGCGTCGAGGTGTGCGGAATGCGTTGTGTAGCGGTGAAATGCATAGATATGACGCAGAACTCCGATTGCGAAGGCAGCACACCGGGCGCCTACGGACGCTGAGGCACGAAAGCGTGG","Bacteria","Bacteroidota","Bacteroidia","Bacteroidales","Muribaculaceae","Limisoma",NA
"TACGGAGGATGCGAGCGTTATCCGGATTTATTGGGTTTAAAGGGTGCGTAGGCCGGCTGTCAAGTCAGCGGTAAAAATTCGGGGCTCAACCCCGTAAAGCCGTTGAAACTGGCGGTCTTGAGTAGCGGCGAGGCATGCGGAATGCGAGGTGTAGCGGTGAAATGCATAGATATCACGCAGAACTCCGATTGCGAAGGCAGCATGCCAGCCGCCGACTGACGCTGAGGCACGAAAGTGCGG","Bacteria","Bacteroidota","Bacteroidia","Bacteroidales","Muribaculaceae",NA,NA
"TACGTAGGGAGCGAGCGTTATCCGGATTTATTGGGTGTAAAGGGTGCGTAGGCGGTTTAACAGGTCTGTGGTCTAAGTCCGAAGCTTAACTTCGGTTCGCCACAGAAACCGTTTTACTTGAGTATGGTAGAGGCAAGTGGAATTTCTAGTGTAGCGGTTAAATGCGTAGATATTAGAAGGAACACCAGTGGCGAAGGCGACTTGCTGGGCCATCACTGACGCTGAGGCACGAAAGCGTGG","Bacteria","Bacillota_I","Bacilli_A","RF39","UBA660","RGIG3091",NA
"CACGTAAGTTGCGAGCGTTGTTCGGAATTATTGGGCGTAAAGGGCATGTAGGCGGTATTGCAAGCCTGGTGTGAAAGGCGGGGGCTCAACCCCTGGACTGCGCTGGGAACTGCATTACTAGAGTCGCTGAGGGGCAATCAGAATTCCAGGTGTAGGGGTGAAATCTGTAGATATCTGGAAGAATACCAATGGCGAAGGCAGGTTGCCAGCAGATGACTGACGCTGAGGTGCGAAGGTGCG","Bacteria","Spirochaetota","Spirochaetia","Treponematales","Treponemataceae",NA,NA
"TACGGAAGATGCGAGCGTTATCCGGATTTATTGGGTTTAAAGGGAGCGTAGGCGGGATGGTAAGTCAGCGGTCAAATGTCCGTGCCCAACGCGGTCATGCCGTTGATACTGCCGTTCTTGAATACACACAAGGGAGATGGAATTCGTTGTGTAGCGGTGAAATGCTTAGATATGACGAAGAACTCCGATTGCGAAGGCAGTCTCCTGGGGTGGGATTGACGCTGAGGCTCGAAAGTGCGG","Bacteria","Bacteroidota","Bacteroidia","Bacteroidales","Bacteroidaceae","UBA4372",NA
"TACGTATGGTGCAAGCGTTATCCGGATTTACTGGGTGTAAAGGGAGCGCAGGCGGTGCGGCAAGTCTGATGTGAAAGCCCGGGGCTCAACCCCGGTACTGCATTGGAAACTGTCGTACTAGAGTGTCGGAGGGGTAAGCGGAATTCCTAGTGTAGCGGTGAAATGCGTAGATATTAGGAGGAACACCAGTGGCGAAGGCGGCTTACTGGACGATAACTGACGCTGAGGCTCGAAAGCGTG","Bacteria","Bacillota_A","Clostridia","Lachnospirales","Lachnospiraceae",NA,NA
"TACGGAAGGTCCGGGCGTTATCCGGATTTATTGGGTTTAAAGGGAGCGTAGGCCGGCTTTTAAGCGTGTTGTGAAATGCCGCGGCTCAACCGTGGCACTGCAGCGCGAACTGGAGGCCTTGAGTGCGCGGGAGGTAGGCGGAATTCGTGGTGTAGCGGTGAAATGCTTAGATATCACGAAGAACTCCGATTGCGAAGGCAGCTTACCGTAGCGTTACTGACGCTGAAGCTCGAAAGTGCG","Bacteria","Bacteroidota","Bacteroidia","Bacteroidales","Bacteroidaceae","Prevotella",NA
"TACGTAGGTGGCAAGCGTTGTCCGGATTTACTGGGTGTAAAGGGCGTGCAGCCGGGAATGCAAGTCAGATGTGAAATCCATGGGCTTAACCCATGAACTGCATTTGAAACTGTATTTCTTGAGTACTGGAGAGGCAATCGGAATTCCTAGTGTAGCGGTGAAATGCGTAGATATTAGGAGGAACACCAGTGGCGAAGGCGGATTGCTGGACAGCAACTGACGGTGAGGCGCGAAAGTGTG","Bacteria","Bacillota_A","Clostridia","Oscillospirales","Oscillospiraceae","Hominicoprocola","sp900317525"
"CACGTAAGTTGCGAGCGTTGTTCGGAATTATTGGGCGTAAAGGGCATGTAGGCGGTCGTGCAAGCTTGGTGTGAAATCCCGGGGCTTAACTCCGGGACTGCGTTGAGAACTGCACGGCTAGAGTAACTGAGGGGCAGCCGGAATTCCAGGTGTAGGGGTGAAATCTGTAGATATCTGGAAGAACACCAATGGCGAAGGCAGGCTGCCAGCAGATTACTGACGCTGAGGTGCGAAGGTGCG","Bacteria","Spirochaetota","Spirochaetia","Treponematales","Treponemataceae","Treponema_D","porcinum"
"TACGGAAGGTCCGGGCGTTATCCGGATTTATTGGGTTTAAAGGGAGCGTAGGCCGGAGATTAAGCGTGTTGTGAAATGTAGGCGCTCAACGTCTGCACTGCAGCGCGAACTGGTTTCCTTGAGTACGCACAAAGTGGGCGGAATTCGTGGTGTAGCGGTGAAATGCTTAGATATCACGAAGAACTCCGATTGCGAAGGCAGCTCACTGGAGCGCAACTGACGCTGAAGCTCGAAAGTGCG","Bacteria","Bacteroidota","Bacteroidia","Bacteroidales","Bacteroidaceae","Prevotella",NA
"TACGTAGGTTGCAAGCGTTGTCCGGATTTACTGGGTGTAAAGGGCGTGTAGGCGGAGGAGCAAGTCAGATGTGAAATCCATGGGCTTAACCCATGAACTGCATTTGAAACTGTTCCCCTTGAGTATCGGAGAGGCAAGCGGAATTCCTAGTGTAGCGGTGAAATGCGTAGATATTAGGAGGAACACCAGTGGCGAAGGCGGCTTGCTGGACGACAACTGACGCTGAGGCGCGAAAGCGTG","Bacteria","Bacillota_A","Clostridia",NA,NA,NA,NA
"TACGGAAGATCCGAGCGTTATCCGGATTTATTGGGTTTAAAGGGAGCGTAGGCGGACGAGCAAGTCAGTTGTGAAAGTTTGCGGCTCAACCGTAAAATTGCAGTTGAAACTGTTTGTCTTGAGTTCACATAAGGATGGTGGAATTTGTGGTGTAGCGGTGAAATGCATAGATATCACGAAGAACTCCGATTGCGAAGGCAGCCATCCGGGGTGCGACTGACGCTGAGGCTCGAAAGTGCG","Bacteria","Bacteroidota","Bacteroidia","Bacteroidales","Bacteroidaceae","UBA6382",NA
"TACGGGGGATGCGAGCGTTATCCGGATTCATTGGGTTTAAAGGGTGCGTAGGCTGTGCGTCAAGTCGGGGGTGAAATTCCGGTGCTCAACACCGGGGCTGCCCTTGATACTGTCGCGCTGGAGTGCGGATGCCGCCGGAGGAATGAGTGGTGTAGCGGTGAAATGCTTAGATATCACTCAGAACACCGATTGCGAAGGCATCTGGCGAATCCGTAACTGACGCTGAGGCACGAAAGCGTG","Bacteria","Bacteroidota","Bacteroidia","Bacteroidales","UBA932","Cryptobacteroides","sp900544195"
"TACGGAAGATGCGAGCGTTATCCGGATTTATTGGGTTTAAAGGGAGCGTAGGCGGGCTGTTAAGTCAGCGGTCAAATGTCAGGGCCCAACCTTGGCATGCCGTTGATACTGTCAGTCTTGAATGCACCCAAGGAAGGTGGAATTCGTCATGTAGCGGTGAAATGCTTAGATATGACGAAGAACTCCGATTGCGAAGGCAGCCTTCTGGAGTGCAATTGACGCTGAGGCTCGAAAGTGCGG","Bacteria","Bacteroidota","Bacteroidia","Bacteroidales","Bacteroidaceae","UBA4372",NA
"TACGGAGGATGCGAGCGTTATCCGGATTTATTGGGTTTAAAGGGTGCGCAGGCGGACTCGTCAAGTCAGCGGTAAAAATTCGGGGCTCAACCCCGTCCTGCCGTTGAAACTGCGAGACTGGAGTGCGACAGAGGAAGGCGGAATGCGAGGTGTAGCGGTGAAATGCATAGATATCGCGCAGAACTCCGATTGCGAAGGCAGCCTTCCATGTCGTGACTGACGCTGAGGCACGAAAGCGTG","Bacteria","Bacteroidota","Bacteroidia","Bacteroidales","Muribaculaceae","SFTJ01",NA
"TACGGAAGGTCCGGGCGTTATCCGGATTTATTGGGTTTAAAGGGAGCGTAGGCCGCCCCTTAAGCGTGTTGTGAAATTCTGCGGCTCAACCGTAGACGTGCAGCGCGAACTGGGGGGCTTGAGTGCACGCGACGCAGGCGGAATTCGTGGTGTAGCGGTGAAATGCTTAGATATCACGAAGAACCCCGATTGCGAAGGCAGCTTGCGGGAGTGTTACTGACGCTGAAGCTCGAAGGTGCG","Bacteria","Bacteroidota","Bacteroidia","Bacteroidales","Bacteroidaceae","Prevotella",NA
"TACGGAAGGTCCGGGCGTTATCCGGATTTATTGGGTTTAAAGGGAGCGTAGGTGGACTGTCAAGTCAGTTGTGAAATCCGCGGGCTCAACCTGCGGCCTGCAGTTGAAACTGGCGGTCTTGAGTCCGTTCAGGGATGCTGGAATTCATGGTGTAGCGGTGAAATGCTCAGATATCATGAAGAACTCCAATCGCGAAGGCAGGCATCCGGGCCGGAACTGACACTGAGGCTCGAAAGTGCG","Bacteria","Bacteroidota","Bacteroidia","Bacteroidales","Bacteroidaceae","Alloprevotella","sp004552865"
"TACGTATGGTGCAAGCGTTATCCGGATTTACTGGGTGTAAAGGGAGCGCAGGCGGTACGGCAAGTCTGATGTGAAAGCCCGGGGCTCAACCCCGGTACTGCATTGGAAACTGTCGAACTAGAGTGTCGGAGGGGTAAGTGGAATTCCTAGTGTAGCGGTGAAATGCGTAGATATTAGGAGGAACACCAGTGGCGAAGGCGGCTTACTGGACGATAACTGACGCTGAGGCTCGAAAGCGTG","Bacteria","Bacillota_A","Clostridia","Lachnospirales","Lachnospiraceae",NA,NA
"TACGAAGGGGGCGAGCGTTGTTCGGAATTACTGGGCGTAAAGGGTGTGTAGGCGGCTATATAAGATAGCGGTGAAATACCTGGGCTTAACCTAGGAACTGCCGTTATTACTATAGAGCTAGAGTGATAGAGAGGATATTGGAATACCCAGTGTAGAGGTGAAATTCGTAGATATTGGGTAGAACACCAGTGGCGAAGGCGAGTATCTGGCTATTAACTGACGCTGAGGCACGAAAGCATG","Bacteria","Pseudomonadota","Alphaproteobacteria","RF32","CAG-239","RUG410",NA
"TACGGAGGGTGCAAGCGTTAATCGGAATTACTGGGCGTAAAGCGCATGTAGGCTGTACGGCAAGTTGGAGGTGAAATCCCACGGCTCAACCGTGGAACTGCCTTCAAAACTACCGAACTGGAGTGCGAGAGAGGATAGCGGAATTCCAGGTGTAGGAGTGAAATCCGTAGATATCTGGAAGAACATCAGTGGCGAAGGCGGCTATCTGGCTCGTAACTGACGCTGAGATGCGAAAGCGTG","Bacteria","Desulfobacterota","Desulfovibrionia","Desulfovibrionales","Desulfovibrionaceae","Mailhella",NA
"TACGGGGGGTGTGAGCGTTGTTCGGAATTACTGGGCGTAAAGGGCGTGCAGGCGGCCACCGCAAGTTGAATGTGAAATCCCTGGGCTTAACCTAGGACGTGCGTTCAAGACTGCGGGGCTTGAATACGGGAGAGGGTCGTGGAATTCCTGGTGTAGAGGTGAAATTCGTAGATATCAGGAGGAACACTCGTGGCGAAGGCGACGACCTGGACCGATATTGACGCTGAGACGCGAAAGCGT","Bacteria","Bacillota_A","Clostridia","Christensenellales","CAG-138","SFDB01",NA
"TACGTAGGTGGCGAGCGTTGTCCGGAATTATTGGGCGTAAAGGGAGCGCAGGTGGGACTTCAAGTCAGTCTTAAAAGTGCGGGGCTCAACCCCGTGATGGGATTGAAACTGTAGTTCTTGAGTGCAGGAGAGGAAAGCGGAATTCCTAGTGTAGCGGTGAAATGCGTAGATATTAGGAGGAACACCAGTGGCGAAGGCGGCTTTCTGGAATGTAACTGACACTGAGGCTCGAAAGCGTGG","Bacteria","Bacillota_C","Negativicutes","Selenomonadales","Selenomonadaceae",NA,NA
"TACGGAAGGTCCGGGCGTTATCCGGATTTATTGGGTTTAAAGGGAGCGTAGGCCGGAGATTAAGCGTGTTGTGAAATGTAGGTGCTCAACATCTGCACTGCAGCGCGAACTGGTTTCCTTGAGTACGCACAAAGTGGGCGGAATTCGTGGTGTAGCGGTGAAATGCTTAGATATCACGAAGAACTCCGATTGCGAAGGCAGCTCACTGGAGCGCAACTGACGCTGAAGCTCGAAAGTGCG","Bacteria","Bacteroidota","Bacteroidia","Bacteroidales","Bacteroidaceae","Prevotella",NA
"TACGGAGGATGCGAGCGTTATCCGGATTTATTGGGTTTAAAGGGTGCGTAGGCGGATTATTAAGTCAGCGGTGAAAGCGTGTGGCTCAACCATACAGTTGCCGTTGATACTGGTAGTCTTGAGTGTAAACGAGGTAGGCGGAATGTGATGTGTAGCGGTGAAATGCTTAGATATGTCACAGAACCCCGATTGCGAAGGCAGCTTACCAGGATACGACTGACGCTGAGGCACGAAAGCGTG","Bacteria","Bacteroidota","Bacteroidia","Bacteroidales","Paludibacteraceae","RF16",NA
"TACGTAGGTGGCAAGCGTTGTCCGGATTTACTGGGTGTAAAGGGCGTGTAGGCGGGAGAGCAAGTCAGAAGTGAAATCTATGGGCTTAACCCATAAACTGCTTTTGAAACTGTTCTTCTTGAGTATCGGAGAGGCAGGCGGAATTCCTAGTGTAGCGGTGAAATGCGTAGATATTAGGAGGAACACCAGTGGCGAAGGCGGCCTGCTGGACGACAACTGACGCTGAGGCGCGAAAGCGTG","Bacteria","Bacillota_A","Clostridia","Oscillospirales","Oscillospiraceae","CAG-170","sp900549635"
"TACGGAAGGTCCGGGCGTTATCCGGATTTATTGGGTTTAAAGGGAGCGTAGGCGGTCTGGTAAGTCAGCTGTGAAAACGCGGGGCTCAACTCCGCGCCTGCAGTTGATACTGTCGGACTTGAGTGCACGCAGGGATGCCGGAATTCATGGTGTAGCGGTGAAATGCTTAGATATCATGAAGAACTCCGATCGCGAAGGCAGGTGTCCGGAGTGCTACTGACGCTGAGGCTCGAAAGTGTG","Bacteria","Bacteroidota","Bacteroidia","Bacteroidales","Bacteroidaceae","Alloprevotella","sp900770705"
"TACGGAAGGTCCGGGCGTTATCCGGATTTATTGGGTTTAAAGGGAGCGTAGGCCGCCCCGTAAGCGTGTTGTGAAAAGCCGTGGCTCAACCATGGTCGTGCAGCGCGAACTGCGGGGCTTGAGTGTGCGGAAAGTGGGCGGAATTCGTGGTGTAGCGGTGAAATGCTTAGATATCACGAAGAACTCCGATTGCGAAGGCAGCTCACTGTAGCATTACTGACGCTGAAGTTCGAAAGTGCG","Bacteria","Bacteroidota","Bacteroidia","Bacteroidales","Bacteroidaceae","Prevotella",NA
"TACGGGGGATGCGAGCGTTATCCGGATTCATTGGGTTTAAAGGGTGCGTAGGCGGCTTTGCAAGTCAGCGGTGAAAGGCCCGGGCTCAACCCGGAAAGTGCCGTTGATACTGTGAGGCTGGAATGCGGATGCTGTGGGAGGAATGAGTGGTGTAGCGGTGAAATGCATAGATATCACTCAGAACACCGATTGCGAAGGCATCTCACAAATCCGCTATTGACGCTGAGGCACGAAAGCGTG","Bacteria","Bacteroidota","Bacteroidia","Bacteroidales","UBA932","RUG11257",NA
"TACGGGGGATGCGAGCGTTATCCGGATTCATTGGGTTTAAAGGGTGCGTAGGCGGCTTTGCAAGTCAGCGGTGAAAGGCCCGGGCTCAACCCGGAAAGTGCCGTTGATACTGTGAGGCTGGAATGCGGATGCTGTGGGAGGAATGAGTGGTGTAGCGGTGAAATGCATAGATATCACTCAGAACACCGATTGCGAAGGCATCTCACAAATCCGTTATTGACGCTGAGGCACGAAAGCGTG","Bacteria","Bacteroidota","Bacteroidia","Bacteroidales","UBA932","RUG11257",NA
"CACGTAAGTTGCGAGCGTTGTTCGGAATTATTGGGTGTAAAGGGCATGTAGGCGGTTTTGCAAGCTTGGTGTGAAATTCCGGAGCTCAACTTCGGAACTGCGTTGAGAACTGCATAACTAGAGTCACTGAGGGGCAATCAGAATTCCAGGTGTAGGGGTGAAATCTGTAGATATCTGGAAGAATACCAATGGCGAAGGCAGGTTACCAGCAGATGACTGACGCTGAGGTGCGAAGGTGCG","Bacteria","Spirochaetota","Spirochaetia","Treponematales","Treponemataceae","Treponema_D",NA
"TACGTAGGTGGCAAGCGTTGTCCGGATTTACTGGGTGTAAAGGGCGTGCAGCCGGAGAGACAAGTCAGATGTGAAATCCGCGGGCTTAACCCGCGAACTGCATTTGAAACTGTTTCCCTTGAGTATCGGAGAGGTAATCGGAATTCCTAGTGTAGCGGTGAAATGCGTAGATATTAGGAAGAACACCAGTGGCGAAGGCGGATTACTGGACGACAACTGACGGTGAGGCGCGAAAGCGTG","Bacteria","Bacillota_A","Clostridia","Oscillospirales","Oscillospiraceae","Dysosmobacter",NA
"TACGTAGGGTGCAAGCGTTATCCGGATTTACTGGGTGTAAAGGGCGAGTAGACGGCGATGCAAGTCAGATGTGAAATGCTAGGGCTTAACCTTAGAACTGCATCTGAAACTGTATTGCTAGAGTGCAGGAGAGGTAAACGGAATTCCTAGTGTAGCGGTGAAATGCGTAGATATTAGGAGGAACATCAGTGGCGAAGGCGATTTACTGGACTGTAACTGACGTTGAGGCGCGAAAGCGTG","Bacteria","Bacillota_A","Clostridia","Lachnospirales","Lachnospiraceae",NA,NA
"TACGGAGGATGCGAGCGTTATCCGGATTCATTGGGTTTAAAGGGTGCGTAGGTTGCCGATTAAGTCAGCGGTGAAAGTCAGTGGCTCAACCATTGAATTGCCGTTGAAACTGGTTGGCTTGAGTACGTACGGGGCAGGCGGAATGCGTGGTGTAGCGGTGAAATGCATAGATATCACGCAGAACCCCGATCGCGAAGGCAGCCTGCCAGGCCGTGACTGACACTGATGCACGAAAGCGTG","Bacteria","Bacteroidota","Bacteroidia","Bacteroidales","Tannerellaceae","Parabacteroides",NA
"TACGTAGGTGGCAAGCGTTGTCCGGAATTACTGGGTGTAAAGGGTGCGCAGGCGGGATTGCAAGTTGGATGTGAAATACCGGGGCTTAACCCCGGAGCTGCATCCAAAACTGTAGTTCTTGAGTGGAGTAGAGGTAAGCGGAATTCCGAGTGTAGCGGTGAAATGCGTAGATATTCGGAGGAACACCAGTGGCGAAGGCGGCTTACTGGGCTCTAACTGACGCTGAGGCACGAAAGCATG","Bacteria","Bacillota_A","Clostridia","Oscillospirales","Acutalibacteraceae",NA,NA
"TACGTAGGTGGCAAGCGTTGTCCGGAATTACTGGGTGTAAAGGGAGAGTAGGCGGGATTGCAAGTCCGTTGTTAAATCTATCGGCTTAACCGGTAGCTGCGGCGGAAACTGTAGTTCTTGAGTGAAGTAGAGGCAGGCGGAATTCCTAGTGTAGCGGTGAAATGCGTAGATATTAGGAGGAACACCAGTGGCGAAGGCGGCCTGCTGGGCTTTAACTGACGCTGAGGCTCGAAAGTGTGG","Bacteria","Bacillota_A","Clostridia","Oscillospirales","Ruminococcaceae",NA,NA
"TACGGAAGGTCCGGGCGTTATCCGGATTTATTGGGTTTAAAGGGAGCGTAGGCTGTTTATTAAGCGTGTTGTGAAAAACCCGTGCTCAACATGGGTCGTGCAGCGCGAACTGGTGAACTTGAGTGCGGATGCGGTATGCGGAATTTGTGGTGTAGCGGTGAAATGCTTAGATATCACGAAGAACTCCGATTGCGAAGGCAGCATGCCAGGCCGTTACTGACGCTGAAGCTCGAAGGTGCG","Bacteria","Bacteroidota","Bacteroidia","Bacteroidales","Bacteroidaceae",NA,NA
"TACGGAGGATGCGAGCGTTATCCGGAATTATTGGGTTTAAAGGGTGCGTAGGCTGTTTGTTAAGTCAGGGGTGAAATACCGCAGCTCAACTGTGGAATTGCCTTTGATACTAGCAGGCTTGAATACTGTTGCCGTGGGAGGAATGAGTAGTGTAGCGGTGAAATGCATAGATATTACTCAGAACACCGATTGCGAAGGCATCTCACGAAGCAGGCATTGACGCTGAGGCACGAAAGCGTG","Bacteria","Bacteroidota","Bacteroidia","Bacteroidales","UBA932","RUG11257",NA
"TACGTAGGGGGCAAGCGTTATCCGGATTTACTGGGTGTAAAGGGAGCGCAGGCGGTGCGGCAAGTCTGATGTGAAAGCCCGGGGCTCAACCCCGGGACTGCATTGGAAACTGTCGAACTAGAGTGTCGGAGGGGCAAGTGGAATTCCTAGTGTAGCGGTGAAATGCGTAGATATTAGGAGGAACACCAGTGGCGAAGGCGGCTTGCTGGACGACAACTGACGCTGAGGCTCGAAAGCGTG","Bacteria","Bacillota_A","Clostridia","Lachnospirales","Lachnospiraceae",NA,NA
"TACGGGGGGTGTAAGCGTTGTTCGGAATTACTGGGCGTAAAGGGCGTGCAGGCGGCCACCGCAAGTTGAATGTGAAATCCCTGGGCTTAACCTAGGACGTGCGTTCAAGACTGCGGGGCTTGAATACGGGAGAGGGTCGTGGAATTCCTGGTGTAGAGGTGAAATTCGTAGATATCAGGAGGAACACTCGTGGCGAAGGCGACGACCTGGACCGATATTGACGCTGAGACGCGAAAGCGT","Bacteria","Bacillota_A","Clostridia","Christensenellales","CAG-138","SFDB01",NA
"TACGGAAGGTCCGGGCGTTATCCGGATTTATTGGGTTTAAAGGGAGCGTAGGCCGTTTTTTAAGCGTGTTGTGAAATGCCGCGGCTCAACCGTGGCACTGCAGCGCGAACTGGATGACTTGAGTGCGCGGGAGGTAGGCGGAATTCGTGGTGTAGCGGTGAAATGCTTAGATATCACGAAGAACTCCGATTGCGAAGGCAGCTTACCGTAGCGTTACTGACGCTGAAGCTCGAAAGTGCG","Bacteria","Bacteroidota","Bacteroidia","Bacteroidales","Bacteroidaceae","Prevotella",NA
"TACGGAAGATGCGAGCGTTATCCGGATTTATTGGGTTTAAAGGGAGCGTAGGCGGGCTGTTAAGTCAGCGGTCAAATGTCAGGGCCCAACCTTGGCATGCCGTTGATACTGTCGGTCTTGAATGCACCCAAGGAAGGTGGAATTCGTCATGTAGCGGTGAAATGCTTAGATATGACGAAGAACTCCGATTGCGAAGGCAGCCTTCTGGAGTGCAATTGACGCTGAGGCTCGAAAGTGCGG","Bacteria","Bacteroidota","Bacteroidia","Bacteroidales","Bacteroidaceae","UBA4372",NA
"TACGGAAGGTCCGGGCGTTATCCGGATTTATTGGGTTTAAAGGGAGCGCAGGCGGACCCTTAAGTCAGTTGTGAAATACGGCGGCTCAACCGTCGGACTGCAGTTGATACTGGGGGTCTTGAGTTCACACAGGGATGCCGGAATTCATGGTGTAGCGGTGAAATGCTCAGATATCATGAAGAACCCCGATCGCGAAGGCAGGCATCCGGGGTGTTACTGACGCTGAGGCTCGAAAGTGCG","Bacteria","Bacteroidota","Bacteroidia","Bacteroidales","Bacteroidaceae","Alloprevotella",NA
"TACGTATGGTGCAAGCGTTATCCGGATTTACTGGGTGTAAAGGGAGCGCAGGCGGTCTGGCAAGTCTGATGTGAAAGCCCGGGGCTCAACTCCGGGATTGCATTGGAAACTGTCAGACTAGAGTGTCGGAGAGGTAAGTGGAATTCCTAGTGTAGCGGTGAAATGCGTAGATATTAGGAGGAACACCAGTGGCGAAGGCGGCTTACTGGACGATAACTGACGCTGAGGCTCGAAAGCGTG","Bacteria","Bacillota_A","Clostridia","Lachnospirales","Lachnospiraceae",NA,NA
"TACGTAGGTGGCAAGCGTTGTCCGGAATTACTGGGTGTAAAGGGAGCGCAGGCGGGAGATCAAGTCAGCTGTGAAAACTACGGGCTTAACTTGTAGACTGCAGTTGAAACTGATTTTCTTGAGTGAAGTAGAGGTTGGCGGAATTCCGAGTGTAGCGGTGAAATGCGTAGATATTCGGAGGAACACCGGTGGCGAAGGCGGCCAACTGGGCTTTAACTGACGCTGAGGCTCGAAAGTGTG","Bacteria","Bacillota_A","Clostridia","Oscillospirales","Acutalibacteraceae","CAG-217",NA
"TACGTAGGGGGCAAGCGTTATCCGGATTTACTGGGTGTAAAGGGAGCGTAGGTGGCATAGCAAGTCAGATGTGAAAGCCCGGGGCTTAACCCCGGGACTGCATTTGAAACTGCTAAGCTAGAGTACAGGAGAGGCAAGTGGAATTCCTAGTGTAGCGGTGAAATGCGTAGATATTAGGAGGAACACCAGTGGCGAAGGCGGCTTGCTGGACTGTTACTGACACTGAGGCTCGAAAGCGTG","Bacteria","Bacillota_A","Clostridia","Lachnospirales","Lachnospiraceae",NA,NA
"TACGGAAGGTCCGGGCGTTATCCGGATTTATTGGGTTTAAAGGGAGCGTAGGCGGGGAGTCAAGTCAGTTGTGAAAAGCCGCGGCCCAACCGTGGTCGTGCAGTTGAAACTGGTTCTCTTGAGTGCGCACGAGGACGGTGGAATTCGTGGTGTAGCGGTGAAATGCTTAGATATCACGAAGAACTCCGATTGCGAAGGCAGCCGTCCGGAGCGTTACTGACGCTGAGGCTCGAAGGTGCG","Bacteria","Bacteroidota","Bacteroidia","Bacteroidales","Bacteroidaceae","UBA6398","sp003150315"
"TACGGAAGGTCCGGGCGTTATCCGGATTTATTGGGTTTAAAGGGAGCGTAGGCCGGAGATTAAGCGTGTTGTGAAATGTAGACGCTCAACGTCTGCACTGCAGCGCGAACTGGTTTCCTTGAGTACGCATAAAGTGGGCGGAATTCGTGGTGTAGCGGTGAAATGCTTAGATATCACGAAGAACTCCGATTGCGAAGGCAGCTCACTGGGGCGCAACTGACGCTGAAGCTCGAAAGCGCG","Bacteria","Bacteroidota","Bacteroidia","Bacteroidales","Bacteroidaceae","Prevotella",NA
"TACGGAGGGTGCAAGCGTTACTCGGAATCACTGGGCGTAAAGGACGCGTAGGCGGATTATCAAGTCTTTTGTGAAATCTAATGGCTTAACCATTAAACTGCTTGAGAAACTGATAATCTAGAGTGAGGGAGAGGCAGATGGAATTGGTGGTGTAGGGGTAAAATCCGTAGAGATCACCAAGAATACCCATTGCGAAGGCGATCTGCTAGAACTCAACTGACGCTAATGCGTGAAAGCGTG","Bacteria","Campylobacterota","Campylobacteria","Campylobacterales","Campylobacteraceae","Campylobacter",NA
"CACGTAAGGCGCGAGCGTTGTTCGGAATCATTGGGCGTAAAGGGCGTGTAGGCGGCCCTGCAAGCCTGGCGTGAAATCCCGGGGCCCAACCCCGGAACCGCGCTGGGAACTGCTGGGCTTGAGCCGCTGTGGCGCAGCCGGAATTCCAGGTGTAGGGGTGAAATCTGTAGATATCTGGAAGAACACCGATGGCGAAGGCAGGCTGCGAGCGGACGGCTGACGCTGAGGCGCGAAGGCGCG","Bacteria","Spirochaetota","Spirochaetia","Treponematales","Treponemataceae","Treponema_D",NA
"CACGTAAGGCGCGAGCGTTGTTCGGAATCATTGGGCGTAAAGGGCGTGTAGGCGGCCCTGCAAGCCTGGCGTGAAATCCCGGGGCTCAACCCCGGAACCGCGCTGGGAACTGCGGGGCTTGAGCCGCTGTGGCGCAGCCGGAATTCCAGGTGTAGGGGTGAAATCTGTAGATATCTGGAAGAACACCGATGGCGAAGGCAGGCTGCGAGCGGACGGCTGACGCTGAGGCGCGAAGGCGCG","Bacteria","Spirochaetota","Spirochaetia","Treponematales","Treponemataceae","Treponema_D",NA
"TACGTAGGGGGCGAGCGTTATCCGGATTTATTGGGCGTAAAGCGTGTGTAGGCGGTTTATTAAGTCCGAGATGAAAGGCTGAGGCTTAACCTCAGTTTGTTTCGGAAACTGGTAGACTAGAGTGCAGTAGAGGCAATTGGAATTCATAGTGTAGCGGTAAAATGCGTAGATATTATGAGGAACATCAGTGGCGAAGGCGAATTGCTGGGCTGTTACTGACGCTGAGACACGAAAGCGTGG","Bacteria","Bacillota_I","Bacilli_A","RF39","UBA660","CAG-1000",NA
"TACGGAGGATGCGAGCGTTATCCGGATTCATTGGGTTTAAAGGGTGCGTAGGTGGCCGATTAAGTCAGCGGTGAAAGTCAGTGGCTCAACCATTGAATTGCCGTTGAAACTGGTTGGCTTGAGTACGTACGGGGCAGGCGGAATGCGTGGTGTAGCGGTGAAATGCATAGATATCACGCAGAACCCCGATCGCGAAGGCAGCCTGCCAGGCCGTGACTGACACTGATGCACGAAAGCGTG","Bacteria","Bacteroidota","Bacteroidia","Bacteroidales","Tannerellaceae","Parabacteroides","sp022775005"
"TACGTAGGTTGCAAGCGTTGTCCGGATTTACTGGGTGTAAAGGGCGTGTAGGCGGAGGAGCAAGTCAGATGTGAAATCCCGGGGCTTAACCCCGGAACTGCATTTGAAACTGTTTCCCTTGAGTATCGGAGAGGCAAGCGGAATTCCTAGTGTAGCGGTGAAATGCGTAGATATTAGGAGGAACACCAGTGGCGAAGGCGGCTTGCTGGACGACAACTGACGCTGAGGCGCGAAAGCGTG","Bacteria","Bacillota_A","Clostridia",NA,NA,NA,NA
"TACGTAGGGTGCGAGCGTTAATCGGAATAACTGGGCGTAAAGGGTGAGTAGGCGGTTTAGTAAGATAGTTGTGAAATTCCCGCGCTTAACGTGGGGACTGCGGCTATGACTGCTAAACTAGAATAGAACAGAGGAAAGTGGAATTCCACGTGTAGCAGTGAAATGCGTAGAGATGTGGAGGAACACCAATGGCGAAGGCAGCTTTCTGGGTTACTATTGACGCTCATTCACGAAAGCGTG","Bacteria","Pseudomonadota","Gammaproteobacteria","Burkholderiales","Rhodocyclaceae","SFHR01",NA
"TACGGGGGGTGTAAGCGTTGTTCGGAATTACTGGGCGTAAAGGGCGTGCAGGCGGCCGCCGCAAGTTGAATGTGAAATCCCTGGGCTTAACCTAGGACGTGCGTTCAAGACTGCGGGGCTTGAATACGGGAGAGGGTCGTGGAATTCCTGGTGTAGAGGTGAAAGTCGTAGATATCAGGAGGAACACTCGTGGCGAAGGCGACGACCTGGACCGATATTGACGCTGAGACGCGAAAGCGT","Bacteria","Bacillota_A","Clostridia","Christensenellales","CAG-138","SFDB01",NA
"TACGTAGGGAGCGAGCGTTATCCGGAATTATTGGGTGTAAAGGGTGCGTAGACGGGAAGATAAGTTAGTTGTGAAATCCCTCGGCTTAACTGAGGAACTGCAACTAAAACTGTTTTTCTTGAGTGCAGGAGAGGTAAGTGGAATTCCTAGTGTAGCGGTGAAATGCGTAGATATTAGGAGGAACACCAGTGGCGAAGGCGACTTACTGGACTGTAACTGACGTTGAGGCACGAAAGTGTG","Bacteria","Bacillota_A","Clostridia","TANB77","CAG-508","CAG-273",NA
"CACGTAAGTTGCGAGTGTTGTTCGGAATTATTGGGCGTAAAGGGCATGTAGGCGGTTTTGCAAGCTTGGTGTGAAATGCCGGAGCTTAACTCCGGAATTGCGTTGAGAACTGCATGACTAGAGTCACTGAGGGGCAATCAGAATTCCAGGTGTAGGGGTGAAATCTGTAGATATCTGGAAGAATACCAATGGCGAAGGCAGGTTACCAGCAGATGACTGACGCTGAGGTGCGAAGGTGCG","Bacteria","Spirochaetota","Spirochaetia","Treponematales","Treponemataceae","Treponema_D",NA
"TACGGAGGGTGCAAGCGTTAATCGGAATTACTGGGCGTAAAGCGCGCGTAGGTTGTTTTGTAAGTCAGAGGTGTAATCCCACGGCTTAACCGTGGAACTGCCTTTGATACTGCATAACTTGGATCCGGGAGAGGACAGCGGAATTCCAGGTGTAGGAGTGAAATCCGTAGATATCTGGAAGAACATCAGTGGCGAAGGCGGCTGTCTGGACCGGTATTGACGCTGAGGCGCGAAAGCGTG","Bacteria","Cyanobacteriota","Vampirovibrionia","Gastranaerophilales","Gastranaerophilaceae","UBA2883","sp002481545"
"TACGTAGGGGGCAAGCGTTATCCGGATTTACTGGGTGTAAAGGGAGCGTAGACGGTAGACCAAGTCTGAAGTGAAAGCCCGGGGCTCAACCCCGGAACTGCTTTGGAAACTGGTAAACTAGAGTGCAGGAGAGGTAAGTGGAATTCCTAGTGTAGCGGTGAAATGCGTAGATATTAGGAGGAACACCAGTGGCGAAGGCGGCTTACTGGACTGTAACTGACGTTGAGGCTCGAAAGCGTG","Bacteria","Bacillota_A","Clostridia","Lachnospirales","Lachnospiraceae","CAG-194","sp018917935"
"TACGGAAGGTCCGGGCGTTATCCGGATTTATTGGGTTTAAAGGGAGCGCAGGCCGCTGGGCAAGCGTGTTGTGAAATGCAGTCGCTCAACGTCTGCACTGCAGCGCGAACTGCCCAGCTTGAGTGCGCGCAACGTTGGCGGAATTCGCCGTGTAGCGGTGAAATGCTTAGATATGGCGAAGAACTCCGATTGCGAAGGCAGCTGACGGGTGCGTAACTGACGCTCATGCTCGAAAGTGCG","Bacteria","Bacteroidota","Bacteroidia","Bacteroidales","Bacteroidaceae","Prevotella",NA
"TACGGAGGATGCGAGCGTTATCCGGATTTATTGGGTTTAAAGGGTGCGTAGGCGGACTGTTAAGTCAGTGGTAAAATCGAGAGGCTCAACCTCTTCCGGCCATTGAAACTGGCAGACTTGAGTGAGCGAAAAGTATGCGGAATGCGTGGTGTAGCGGTGAAATGCATAGATATCACGCAGAACTCCGATTGCGAAGGCAGCATACCGGCGCTCAACTGACGCTGAGGCACGAAAGCGTGG","Bacteria","Bacteroidota","Bacteroidia","Bacteroidales","Muribaculaceae","Paramuribaculum",NA
"TACGGAAGGTCCGGGCGTTATCCGGATTCATTGGGTTTAAAGGGAGCGTAGGCCGCCCCTTAAGCGTGTTGTGAAATGCCGCGGCTCAACCGTGGCACTGCAGCGCGAACTGGGGGGCTTGAGTGTGCGCGACGCAGGCGGAATTCGTGGTGTAGCGGTGAAATGCTTAGATATCACGAGGAACCCCGATTGCGAAGGCAGCTTGCGGGAGCACTACTGACGCTGAAGCTCGAAGGCGCG","Bacteria","Bacteroidota","Bacteroidia","Bacteroidales","Bacteroidaceae","Prevotella",NA
"CACGTAAGTTGCGAGCGTTGTTCGGAATTATTGGGCGTAAAGGGCATGTAGGCGGTATTGCAAGCCTGGTGTGAAAGGCAGGGGCTCAACCTCTGGACTGCGCTGGGAACTGCGATACTAGAGTCGCTGAGGGGCAATCAGAATTCCAGGTGTAGGGGTGAAATCTGTAGATATCTGGAAGAATACCAATGGCGAAGGCAGGTTGCCAGCAGATGACTGACGCTGAGGTGCGAAGGTGCG","Bacteria","Spirochaetota","Spirochaetia","Treponematales","Treponemataceae",NA,NA
"TACGTAGGTGGCAAGCGTTGTCCGGATTTATTGGGCGTAAAGCGAGCGCAGGCGGAAAAATAAGTCTAATGTGAAAGCCCTCGGCTTAACCGAGGAACTGCATCGGAAACTGTTTTTCTTGAGTGCAGAAGAGGAGAGTGGAACTCCATGTGTAGCGGTGGAATGCGTAGATATATGGAAGAACACCAGTGGCGAAGGCGGCTCTCTGGTCTGCAACTGACGCTGAGGCTCGAAAGCATG","Bacteria","Bacillota","Bacilli","Lactobacillales","Lactobacillaceae","Lactobacillus",NA
"AACGTAGGGTGCAAGCGTTGTCCGGAATTACTGGGTGTAAAGGGAGCGCAGGCGGACCGGCAAGTTGGAAGTGAAAACCATGGGCTCAACCCATGAATTGCTTTCAAAACTGCTGGCCTTGAGTAGTGCAGAGGTAGGCGGAATTCCCGGTGTAGCGGTGGAATGCGTAGATATCGGGAGGAACACCAGTGGCGAAGGCGGCCTACTGGGCACCAACTGACGCTGAGGCTCGAAAGTATG","Bacteria","Bacillota_A","Clostridia","Oscillospirales","Ruminococcaceae","Gemmiger",NA
"TACGGAGGGTGCAAGCGTTGTCCGGAATCATTGGGCGTAAAGAGTTCGTAGGCGGTATGTAAAGTCAGGTGTTAAAGGCAGGGGCTCAACTTCTGTACGGCACTTGATACTTGCAAACTAGAATGCGGTAGAGGTAAAGGGAATTCCTGGTGTAGCGGTGAAATGCTTAGATATCAGGAGGAACATCGGTGGCGTAAGCGCTTTACTGGGCCGTAATTGACGCTGAGGAACGAAAGCCAG","Bacteria","Cyanobacteriota","Vampirovibrionia","Gastranaerophilales","Gastranaerophilaceae","Zag111","sp003258735"
"AACGTAGGGTGCAAGCGTTGTCCGGAATTACTGGGTGTAAAGGGAGCGCAGGCGGGCATGCAAGTTGGAAGTGAAAACTATGGGCTCAACCCATAGCCTGCTTTCAAAACTGCGTGTCTTGAGTAGTGCAGAGGTAGGCGGAATTCCCGGTGTAGCGGTGGAATGCGTAGATATCGGGAGGAACACCAGTGGCGAAGGCGGCCTACTGGGCACCAACTGACGCTGAGGCTCGAAAGCATG","Bacteria","Bacillota_A","Clostridia","Oscillospirales","Ruminococcaceae",NA,NA
"TACGGAGGATGCGAGCGTTATCCGGATTTATTGGGTTTAAAGGGTGCGTAGGTGGCTTGGTAAGTCAGCGGTAAAATTTCGGGGCTTAACCTCGTTTAGCCGTTGAAACTGTCGAGCTCGAGAGGGAGAGAAGTAGGCGGAATGCGCAGTGTAGCGGTGAAATGCATAGATATTGCGCAGAACTCCGATTGCGAAGGCAGCCTACCGGCTTCTATCTGACACTGAGGCACGAAAGCGTGG","Bacteria","Bacteroidota","Bacteroidia","Bacteroidales",NA,NA,NA
"TACGTAGGTGGCAAGCGTTATCCGGATTTATTGGGCGTAAAGGGTGCGCAGGCGGTCTGTTAAGTTTGGTGTGAAAGCGTGGGGCTCAACCCCATACAGCATCGAATACTGGCAGACTAGAGTGCAGAAGAGGGTAATGGAACTCCATGTGTAGCGGTAAAATGCGTAGATATATGGAAGAACACCAGCGGCGAAGGCGGTTACCTGGTCTGTAACTGACGCTCAGGCACGAAAGCGTGG","Bacteria","Bacillota_I","Bacilli_A","Erysipelotrichales","Erysipelotrichaceae",NA,NA
"TACGTAGGGAGCAAGCGTTATCCGGATTTACTGGGTGTAAAGGGCGCGTAGGCGGGATGGCAAGTCAGATGTGAAATCCATGGGCTCAACCCATGAACTGCATTTGAAACTGTTATTCTTGAGTACTGGAGAGGTTGACGGAATTCCTAGTGTAGCGGTGAAATGCGTAGATATTAGGAGGAACACCAGTGGCGAAGGCGGTCAACTGGACAGCAACTGACGCTGAGGCGCGAAAGCGTG","Bacteria","Bacillota_A","Clostridia","Oscillospirales","Oscillospiraceae","HGM13010",NA
"TACGGAAGGTCCTGGTGTTATCCGGATTTATTGGGTTTAAAGGGAGCGTAGGCTGTTGCTTAAGCGTGTTGTGAAATGCCGCGGCTCAACCGTGGCACTGCAGCGCGAACTGGGCGGCTTGAGTTACCAGTAGGCAGGCGGAATTCGTGGTGTAGCGGTGAAATGCTTAGATATCACGAAGAACCCCGATTGCGAAGGCAGCTTGCCGTAGGTTGACTGACGCTGATGCTCGAAGGCGCG","Bacteria","Bacteroidota","Bacteroidia","Bacteroidales","Bacteroidaceae","Prevotella",NA
"TACGTAGGGGGCAAGCGTTATCCGGATTTACTGGGTGTAAAGGGAGCGTAGACGGTTTTGCAAGTCTGAAGTGAAAGCCCGGGGCTTAACCCCGGGACTGCTTTGGAAACTGTAGGACTAGAGTGCAGGAGAGGTAAGTGGAATTCCTAGTGTAGCGGTGAAATGCGTAGATATTAGGAGGAACACCAGTGGCGAAGGCGGCTTACTGGACTGTAACTGACGTTGAGGCTCGAAAGCGTG","Bacteria","Bacillota_A","Clostridia","Lachnospirales","Lachnospiraceae",NA,NA
"TACGTAGGGAGCGAGCGTTGTCCGGATTTATTGGGTGTAAAGGGTGCGTAGGCGGCTAAGTAAGTCAGGCGTGTAATTCAGGGGCTTAACCTCTGAACTGCGCTTGAAACTGCATGGCTTGAGTGGAGTAGAGGCAGATGGAATTTCCAGTGTAGCGGTGAAATGCGTAGATATTGGAAGGAACACCGGTGGCGAAGGCGGTCTGCTGGGCTTTAACTGACGCTGAGGCACGAAAGCATG","Bacteria","Bacillota_A","Clostridia","Oscillospirales","Acutalibacteraceae",NA,NA
"TACGTAGGTGGCAAGCGTTATCCGGATTTATTGGGCGTAAAGCGAGCGCAGGCGGTTGCTTAGGTCTGATGTGAAAGCCTTCGGCTTAACCGAAGAAGTGCATCGGAAACCGGGCGACTTGAGTGCAGAAGAGGACAGTGGAACTCCATGTGTAGCGGTGGAATGCGTAGATATATGGAAGAACACCAGTGGCGAAGGCGGCTGTCTGGTCTGCAACTGACGCTGAGGCTCGAAAGCATG","Bacteria","Bacillota","Bacilli","Lactobacillales","Lactobacillaceae","Limosilactobacillus",NA
"TACGTAGGGAGCAAGCGTTGTCCGGATTTACTGGGTGTAAAGGGTGCGTAGGCGGCTTTGCAAGTCAGATGTGAAATCTATGGGCTCAACCCATAAACTGCATTTGAAACTGTAGAGCTTGAGTGAAGTAGAGGCAGGCGGAATTCCCCGTGTAGCGGTGAAATGCGTAGAGATGGGGAGGAACACCAGTGGCGAAGGCGGCCTGCTGGGCTTTAACTGACGCTGAGGCACGAAAGCGTG","Bacteria","Bacillota_A","Clostridia","Oscillospirales","Acutalibacteraceae","Ruminococcus_E",NA
"TACGTAGGGAGCGAGCGTTATCCGGATTTATTGGGTGTAAAGGGTGCGTAGGCGGTTTCTTAAGTCTGTAGTCTAAGCCCGGAGCTTAACTCCGGTTCGCTACAGAAACTGAGTTACTTGAGTATGGTAGAGGCAAGTGGAATTTCTAGTGTAGCGGTTAAATGCGTAGATATTAGAAGGAACACCGGTGGCGAAGGCGACTTGCTGGGCCATCACTGACGCTGAGGCACGAAAGCGTGG","Bacteria","Bacillota_I","Bacilli_A","RF39","UBA660","CAG-877","sp934162125"
"TACGGAGGATGCAAGCGTTATCCGGATTTATTGGGTTTAAAGGGTGCGTAGGCGGATGGGTAAGTCAGCGGTGAAATGTCCCGGCTCAACCGGGGAACTGCCATTGATACTGCCTGTCTTGAATGCGGATGCCGTGGGAGGAATGTGTAGTGTAGCGGTGAAATGCATAGATATTACACAGAACACCGATTGCGAAGGCATCTCACGAATCCGTTATTGACGCTGAGGCACGAAAGCGTG","Bacteria","Bacteroidota","Bacteroidia","Bacteroidales","UBA932","RUG11257",NA
"TACGTAGGTGGCAAGCGTTGTCCGGATTTACTGGGTGTAAAGGGCGTGTAGGCGGAGAAGCAAGTCAGAAGTGAAATCCATGGGCTTAACCCATGAACTGCTTTTGAAACTGTTTCCCTTGAGTATCGGAGAGGCAGGCGGAATTCCTAGTGTAGCGGTGAAATGCGTAGATATTAGGAGGAACACCAGTGGCGAAGGCGGCCTGCTGGACGACAACTGACGCTGAGGCGCGAAAGCGTG","Bacteria","Bacillota_A","Clostridia","UBA1212","UBA1255","UBA1255",NA
"TACGTAGGGAGCGAGCGTTGTCCGGAATTACTGGGTGTAAAGGGAGCGTAGGCGGGAAAACAAGTTGGATGTGAAAACTGCGGGCTTAACCTGCAGACTGCATTCAAAACTGTTTTTCTTGAGTGAAGTAGAGGCAAGCGGAATTCCTAGTGTAGCGGTGAAATGCGTAGATATTAGGAGGAACACCAGTGGCGAAGGCGGCTTGCTGGGCTTTTACTGACGCTGAGGCTCGAAAGTGTG","Bacteria","Bacillota_A","Clostridia","Oscillospirales","Ruminococcaceae","WRAV01",NA
"TACGTAGGTGGCAAGCGTTGTCCGGATTTACTGGGTGTAAAGGGCGTGCAGCCGGGTCTGCAAGTCAGATGTGAAATCCGTGGGCTTAACCCACGAACTGCATTTGAAACTGTAGATCTTGAGTATCGGAGAGGTAATCGGAATTCCTTGTGTAGCGGTGAAATGCGTAGATATAAGGAAGAACACCAGTGGCGAAGGCGGATTACTGGACGACAACTGACGGTGAGGCGCGAAAGCGTG","Bacteria","Bacillota_A","Clostridia","Oscillospirales","Oscillospiraceae","Dysosmobacter",NA
"TACGTAGGTGGCAAGCGTTGTCCGGATTTACTGGGTGTAAAGGGCGTGTAGGCGGAGGTTCAAGTCAGAAGTGAAATCTCCGGGCTTAACCCGGAAACTGCTTTTGAAACTGAATCCCTTGAGTATCGGAGAGGCAGGCGGAATTCCTAGTGTAGCGGTGAAATGCGTAGATATTAGGAGGAACACCAGTGGCGAAGGCGGCCTGCTGGACGACAACTGACGCTGAGGCGCGAAAGCGTG","Bacteria","Bacillota_A","Clostridia","UBA1212","UBA1255","UBA1255",NA
"TACGGAAGGTCCGGGCGTTATCCGGATTTATTGGGTTTAAAGGGAGCGCAGGCGGGCTTTTAAGTCAGTTGTGAAATACGGCGGCTCAACCGTCGGACTGCAGTTGATACTGGAAGCCTTGAGTTCGCACAGGGATGCCGGAATTCATGGTGTAGCGGTGAAATGCTCAGATATCATGAAGAACTCCGATCGCGAAGGCAGGCATCCGGGGCGTTACTGACGCTGAGGCTCGAAAGTGCG","Bacteria","Bacteroidota","Bacteroidia","Bacteroidales","Bacteroidaceae","Alloprevotella",NA
"TACGGAGGATGCAAGCGTTATCCGGATTTATTGGGTTTAAAGGGTGCGTAGGCTGTTCTGCAAGTCAGCGGTGAAAGCCCGGGGCTCAACCCCGGAAATGCCGTTGATACTGCGGGGCTGGAATACGGATGCCGTGGGAGGAATGAGTAGTGTAGCGGTGAAATGCATAGATATTACTCAGAACACCGATTGCGAAGGCATCTCACGAATCCGTTATTGACGCTGAGGCACGAAAGCGTG","Bacteria","Bacteroidota","Bacteroidia","Bacteroidales","UBA932","RUG11257",NA
"TACGTAGGGAGCGAGCGTTATCCGGATTTATTGGGTGTAAAGGGTGCGTAGACGGGAAAATAAGTTAGTTGTGAAATCCCTCGGCTTAACTGAGGAACTGCAACTAAAACTGTTTTTCTTGAGTACTGGAGAGGAAAGTGGAATTCCTAGTGTAGCGGTGAAATGCGTAGATATTAGGAGGAACACCAGTGGCGAAGGCGACTTTCTGGACAGAAACTGACGTTGAGGCACGAAAGTGTG","Bacteria","Bacillota_A","Clostridia","TANB77","CAG-508","Scatovivens",NA
"TACGTAGGTGGCAAGCGTTGTCCGGATTTACTGGGTGTAAAGGGCGTGTAGGCGGAGATTCAAGTCAGAAGTGAAATCTATGGGCTTAACTCATAAACTGCTTTTGAAACTGAATCCCTTGAGTATCGGAGAGGCAGGCGGAATTCCTAGTGTAGCGGTGAAATGCGTAGATATTAGGAGGAACACCAGTGGCGAAGGCGGCCTGCTGGACGACAACTGACGCTGAGGCGCGAAAGCGTG","Bacteria","Bacillota_A","Clostridia","UBA1212","UBA1255","UBA1255",NA
"TACGTAGGTGGCAAGCGTTGTCCGGATTTACTGGGTGTAAAGGGCGTGTAGCCGGGAGGGCAAGTCAGATGTGAAATCCACGGGCTCAACTCGTGAACTGCATTTGAAACTACTCTTCTTGAGTATCGGAGAGGCAATCGGAATTCCTAGTGTAGCGGTGAAATGCGTAGATATTAGGAGGAACACCAGTGGCGAAGGCGGATTGCTGGACGACAACTGACGGTGAGGCGCGAAAGCGTG","Bacteria","Bacillota_A","Clostridia","Oscillospirales","Oscillospiraceae","Vescimonas","sp900545585"
"TACGTAGGGGGCAAGCGTTATCCGGATTTACTGGGTGTAAAGGGAGCGTAGACGGTTGTGCAAGTCTGAAGTGAAATGCGGGGGCTCAACCCCTGAACGGCTTTGGAAACTGTATAACTAGAGTGCAGGAGAGGTAAGTGGAATTCCTAGTGTAGCGGTGAAATGCGTAGATATTAGGAGGAACACCAGTGGCGAAGGCGGCTTACTGGACTGTAACTGACGTTGAGGCTCGAAAGCGTG","Bacteria","Bacillota_A","Clostridia","Lachnospirales","Lachnospiraceae",NA,NA
"TACGGAGGATGCAAGCGTTATCCGGATTTATTGGGTTTAAAGGGTGCGTAGGCTGTTTGACAAGTCAGTGGTGAAAGCCCGGGGCTTAACTCCGGAACTGCCGTTGATACTGTTGAGCTGGAATACGGATGCCGTGGGAGGAATGAGTAGTGTAGCGGTGAAATGCATAGATATTACTCAGAACACCGATTGCGAAGGCATCTCACGAATCCGTCATTGACGCTGAGGCACGAAAGCGTG","Bacteria","Bacteroidota","Bacteroidia","Bacteroidales","UBA932","RUG11257",NA
"TACGTAGGTGGCAAGCGTTATCCGGATTTACTGGGTGTAAAGGGCGTGTAGGCGGGACTGCAAGTCAGATGTGAAAACTTAGGGCTCAACCCTAAGCCTGCATTTGAAACTGTAGTTCTTGAGTACTGGAGAGGCAGACGGAATTCCTAGTGTAGCGGTGAAATGCGTAGATATTAGGAGGAACACCAGTGGCGAAGGCGGTCTGCTGGACAGCAACTGACGCTGAGGCGCGAAAGCGTG","Bacteria","Bacillota_A","Clostridia","Oscillospirales","Oscillospiraceae","Lawsonibacter",NA
"TACGGAGGATGCGAGCGTTATCCGGATTTATTGGGTTTAAAGGGTGCGTAGGCGGATTATTAAGTCAGCGGTGAAAGCGTGTGGCTCAACCATACAGTTGCCGTTGATACTGGTAGTCTTGAGTGTAAACGAGGTAGGCGGAATGTGATGTGTAGCGGTGAAATGCTTAGATATGTCACAGAACCCCGATTGCGAAGGCAGTTTACCAGGATACGACTGACGCTGAGGCACGAAAGCGTG","Bacteria","Bacteroidota","Bacteroidia","Bacteroidales","Paludibacteraceae","RF16",NA
"AACGTAGGGTGCAAGCGTTGTCCGGAATTACTGGGTGTAAAGGGAGCGCAGGCGGACCGGCAAGTTGGAAGTGAAAACTATGGGCTCAACCCATAAATTGCTTTCAAAACTGCTGGCCTTGAGTAGTGCAGAGGTAGGTGGAATTCCCGGTGTAGCGGTGGAATGCGTAGATATCGGGAGGAACACCAGTGGCGAAGGCGACCTACTGGGCACCAACTGACGCTGAGGCTCGAAAGCATG","Bacteria","Bacillota_A","Clostridia","Oscillospirales","Ruminococcaceae","Gemmiger",NA
"TACGTAGGGAGCAAGCGTTGTCCGGAATTACTGGGTGTAAAGGGAGTGTAGGCGGGATGGTAAGTTAGGTGTGAAAACTATGGGCTTAACCCATAGACTGCACTTAAAACTGCTGTTCTTGAGTGAAGTAGAGGTTGGCGGAATTCCCAGTGTAGCGGTGAAATGCGTAGATATTGGGAGGAACATCAGTGGCGAAGGCGGCCAACTGGGCTTTTACTGACGCTGAGGCTCGAAAGCGTG","Bacteria","Bacillota_A","Clostridia","Oscillospirales","Ruminococcaceae","SZUA-444",NA
"TACGGAGGATGCGAGCGTTATCCGGATTTATTGGGTTTAAAGGGTGCGTAGGCGGCGCGTCAAGCCGGTGGTAAAATTGCGGGGCTCAACCCCGTAGAGCCATCGGAACTGGCGTGCTTGAGTGGAGAAGAAGTATGCGGAATGCGAGGTGTAGCGGTGAAATGCATAGATATCGCGCAGAACTCCGATTGCGAAGGCAGCGTACTATTCTCCAACTGACGCTGAGGCACGAAAGCGTGG","Bacteria","Bacteroidota","Bacteroidia","Bacteroidales","Muribaculaceae",NA,NA
"TACGTAAGGGGCAAGCGTTATCCGGATTTACTGGGTGTAAAGGGTGAGTAGGCGGTCAGGCAAGTCATATGTGAAATTCTGGGGCTTAACCCCAGCGCTGCATAAGAAACTGTCAGACTAGAGTGCAGGAGAGGTAAGCGGAATTCCTAGTGTAGCGGTGAAATGCGTAGATATTAGGAAGAACACCGGTGGCGAAGGCGGCTTACTGGACTGTTACTGACGCTGAGTCACGAAAGCGTG","Bacteria","Bacillota_A","Clostridia","Lachnospirales","CAG-274",NA,NA
"TACGTAGGGGGCAAGCGTTATCCGGATTTACTGGGTGTAAAGGGAGCGTAGACGGTTATGCAAGTCTGAAGTGAAATGCGGGGGCTTAACCCCTGAACTGCTTTGGAAACTGTAAAACTGGAGTGCAGGAGAGGTAAGTGGAATTCCTAGTGTAGCGGTGAAATGCGTAGATATTAGGAGGAACACCAGTGGCGAAGGCGGCTTACTGGACTGTAACTGACGTTGAGGCTCGAAAGCGTG","Bacteria","Bacillota_A","Clostridia","Lachnospirales","Lachnospiraceae",NA,NA
"TACGGAAGGTCCAGGCGTTATCCGGATTCATTGGGTTTAAAGGGAGCGTAGGCCGCCTTTTAAGCGTGTTGTGAAATGTAGGGGCTCAACCCCTGCACTGCAGCGCGAACTGGAGGGCTTGAGTACACACAAAGTAGGCGGAATTCATGGTGTAGCGGTGAAATGCTTAGATATCATGAAGAACCCCGATTGCGAAGGCAGCTTACTGGAGTGTAACTGACGCTGAAGCTCGAAAGCGCG","Bacteria","Bacteroidota","Bacteroidia","Bacteroidales","Bacteroidaceae","Prevotella","sp002251385"
"TACGTAGGTGGCAAGCGTTGTCCGGATTTATTGGGCGTAAAGGGAACGCAGGCGGTCTTTTAAGTCTGATGTGAAAGCCTTCGGCTTAACCGGAGTAGTGCATTGGAAACTGGAAGACTTGAGTGCAGAAGAGGAGAGTGGAACTCCATGTGTAGCGGTGAAATGCGTAGATATATGGAAGAACACCAGTGGCGAAAGCGGCTCTCTGGTCTGTAACTGACGCTGAGGTTCGAAAGCGTG","Bacteria","Bacillota","Bacilli","Lactobacillales","Lactobacillaceae","Ligilactobacillus","salivarius"
"TACGTAGGTGGCAAGCGTTATCCGGATTTACTGGGTGTAAAGGGCGCGTAGGCGGGGATACAAGTCAGATGTGAAATCTATGGGCTTAACCCATAAACTGCATTTGAAACTGTATCTCTTGAGTGTCGGAGAGGTAGACGGAATTCCTAGTGTAGCGGTGAAATGCGTAGATATTAGGAGGAACACCAGTGGCGAAGGCGGTCTACTGGACGATAACTGACGCTGAGGCGCGAAAGCGTG","Bacteria","Bacillota_A","Clostridia",NA,NA,NA,NA
"AACGTAGGTCACAAGCGTTGTCCGGAATTACTGGGTGTAAAGGGAGCGCAGGCGGGAAGACAAGTTGGAAGTGAAATCCATGGGCTCAACCCATGAACTGCTTTCAAAACTGTTTTTCTTGAGTAGTGCAGAGGTAGGCGGAATTCCCGGTGTAGCGGTGGAATGCGTAGATATCGGGAGGAACACCAGTGGCGAAGGCGGCCTACTGGGCACCAACTGACGCTGAGGCTCGAAAGTGTG","Bacteria","Bacillota_A","Clostridia","Oscillospirales","Ruminococcaceae","Faecalibacterium",NA
"TACGGGGGATGCGAGCGTTATCCGGATTTATTGGGTTTAAAGGGTGCGTAGGCGGCGTGTCAAGTCAGCGGTGAAATACCCACGCTCAACGTGGGGGCTGCCATTGATACTGACGTGCTGGAATTCGGATGCCGTTGGGGGAATGTGTGGTGTAGCGGTGAAATGCATAGATATCACACAGAACACCGATTGCGGAGGCACCTGGCGAATCCGAGATTGACGCTGAGGCACGAAAGCGTG","Bacteria","Bacteroidota","Bacteroidia","Bacteroidales",NA,NA,NA
"TACGTAGGGTGCGAGCGTTAATCGGAATTACTGGGCGTAAAGCGTGCGCAGGCGGTTGGGTAAGACAGGTGTGAAATCCCCGAGCTTAACTTGGGAACTGCACTTGTGACTGCCTAACTAGAGTATGTCAGAGGGAGGTGGAATTCCAAGTGTAGCAGTGAAATGCGTAGATATTTGGAAGAACACCGATGGCGAAGGCAGCCTCCTGGGATAATACTGACGCTCATGCACGAAAGCGTG","Bacteria","Pseudomonadota","Gammaproteobacteria","Burkholderiales","Burkholderiaceae","Aphodousia",NA
"CACGTAAGTTGCGAGCGTTGTTCGGAATTATTGGGCGTAAAGGGCATGTAGGCGGCCCTGCAAGCTTGGTGTGAAATCTATGGGCTCAACCCATAGACTGCATTGAGAACTACAGGGCTTGAGTCGCTGAGGCGGAACTGGAATTCCAGGTGTAGGGGTGAAATCTGCAGATATCTGGAAGAACACCAATGGCGAAGGCAAGTTCCGGGCAGATGACTGACGCTGAGGTGCGAAGGTGCG","Bacteria","Spirochaetota","Spirochaetia","Treponematales","Treponemataceae","Treponema_F",NA
"TACGTAGGTGGCAAGCGTTGTCCGGATTTACTGGGTGTAAAGGGCGTGCAGCCGGGTCTGCAAGTCAGATGTGAAATCCGTGGGCTCAACCCACGAACTGCATTTGAAACTGTGGATCTTGAGTATCGGAGAGGTAATCGGAATTCCTTGTGTAGCGGTGAAATGCGTAGATATAAGGAAGAACACCAGTGGCGAAGGCGGATTACTGGACGACAACTGACGGTGAGGCGCGAAAGCGTG","Bacteria","Bacillota_A","Clostridia","Oscillospirales","Oscillospiraceae",NA,NA
"TACGTATGGTGCAAGCGTTATCCGGATTTACTGGGTGTAAAGGGTGCGTAGGTGGTATGGCAAGTCAGAAGTGAAAGGCTGGGGCTCAACCCCGGGACTGCTTTTGAAACTGTCAAACTAGAGTACAGGAGAGGAAAGCGGAATTCCTAGTGTAGCGGTGAAATGCGTAGATATTAGGAGGAACACCAGTGGCGAAGGCGGCTTTCTGGACTGAAACTGACACTGAGGCACGAAAGCGTG","Bacteria","Bacillota_A","Clostridia","Lachnospirales","Lachnospiraceae","Wujia",NA
"TACGTAGGGGGCAAGCGTTATCCGGATTTACTGGGTGTAAAGGGAGCGCAGGCGGTTCTGCAAGTCTGATGTGAAAGCCCGGGGCTCAACCCCGGGACTGCATTGGAAACTGTGGGACTTGAGTGTCGGAGGGGCAAGTGGAATTCCTAGTGTAGCGGTGAAATGCGTAGATATTAGGAGGAACACCAGTGGCGAAGGCGGCTTGCTGGACGACAACTGACGCTGAGGCTCGAAAGCGTG","Bacteria","Bacillota_A","Clostridia","Lachnospirales","Lachnospiraceae","Roseburia_D",NA
"CACGTAAGGTGCGAGCGTTGTTCGGAATCATTGGGCGTAAAGGGCATGTAGGCGGAACTGCAAGCCCGGTGTGAAAACCCTGAGCTCAACTCAGGAACTGCGCCGGGAACTGCAGAACTGGAGTCACTGAGGGGAAACCGGAATTCCAGGTGTAGGGGTGAAATCTGTAGATATCTGGAAGAACACCAATGGCGAAGGCAGGTTTCCAGCAGATGACTGACGCTGAGGTGCGAAGGTGCG","Bacteria","Spirochaetota","Spirochaetia","Treponematales","Treponemataceae","Treponema_D",NA
"TACGGAGGATGCGAGCGTTATCCGGATTTATTGGGTTTAAAGGGTGCGTAGGCGGAGATGTAAGTCAGTGGTGAAAGGTCCCGGCTCAACCGGGGAGCTGCCATTGATACTGCGTTTCTTGAATGCGGATGCCGTGGGAGGAATGTGTGGTGTAGCGGTGAAATGCATAGATATCACACAGAACACCGATTGCGAAGGCATCTCACGAATCCGTAATTGACGCTGAGGCACGAAAGCGTG","Bacteria","Bacteroidota","Bacteroidia","Bacteroidales","UBA932","RUG11257",NA
"TACGTAGGGAGCGAGCGTTGTCCGGATTTACTGGGTGTAAAGGGTGCGTAGGCGGAAGAGCAAGTCAGTAGTGAAATCCATGGGCTTAACCCGTGAACTGCTATTGAAACTGTTCTTCTTGAGTGAAGTAGAGGTAGGCGGAATTCCCGGTGTAGCGGTGAAATGCGTAGAGATCGGGAGGAACACCAGTGGCGAAGGCGGCCTACTGGGCTTTAACTGACGCTGAGGCACGAAAGCATG","Bacteria","Bacillota_A","Clostridia","Oscillospirales","Acutalibacteraceae",NA,NA
"TACGGAAGGTCCAGGCGTTATCCGGATTTATTGGGTTTAAAGGGAGCGTAGGCGGAGAGATAAGTCAGCGGTAAAATCGTGCGGCTCAACCGTACCTCGCCGTTGATACTGTTTTTCTTGAGTGCACACAGGGATGCTGGAATTCGTCGTGTAGCGGTGAAGTGCGTAGATATTAGGAGGAACACCAGTGGCGAAGGCGGCTTACTGGACGATAACTGACGCTGAGGCTCGAAAGCGTGG","Bacteria","Bacteroidota","Bacteroidia","Bacteroidales","Bacteroidaceae","Alloprevotella",NA
"TACGTAGGTGGCAAGCGTTGTCCGGATTTACTGGGTGTAAAGGGCGAGTAGGCGGACCTGCAAGTCAGATGTGAAATCCCCGGGCTTAACCCGGGAACTGCATTTGAAACTGTAGGCCTTGAGTGATGGAGAGGCAGGCGGAATTCCCGGTGTAGCGGTGGAATGCGTAGATATCGGGAGGAACACCAGTGGCGAAGGCGGCCTGCTGGACATTAACTGACGCTGAGGAGCGAAAGCGTG","Bacteria","Bacillota_A","Clostridia","Oscillospirales",NA,NA,NA
"TACGTAGGTGGCAAGCGTTGTCCGGATTTACTGGGTGTAAAGGGCGTGCAGCCGGGCCGGCAAGTCAGATGTGAAATCCCCAGGCTCAACCTGGGAACTGCATTTGAAACTGTTGGTCTTGAGTATCGGAGAGGTAATCGGAATTCCTTGTGTAGCGGTGAAATGCGTAGATATAAGGAAGAACACCAGTGGCGAAGGCGGATTACTGGACGACAACTGACGGTGAGGCGCGAAAGCGTG","Bacteria","Bacillota_A","Clostridia","Oscillospirales","Oscillospiraceae",NA,NA
"TACGGAAGGTCCGGGCGTTATCCGGATTTATTGGGTTTAAAGGGAGCGTAGGCCGTCTTATAAGCGTGTTGTGAAATGTCGTGGCTCAACCTGGGCATTGCAGCGCGAACTGTGAGACTTGAGTGCGCAGGAAGTAGGCGGAATTCGTCGTGTAGCGGTGAAATGCTTAGATATGACGAAGAACTCCGATTGCGAAGGCAGCCTGCTGTAGCGCAACTGACGCTGAAGCTCGAAAGCGTG","Bacteria","Bacteroidota","Bacteroidia","Bacteroidales","Bacteroidaceae","Prevotella",NA
"TACGTAGGTGGCAAGCGTTGTCCGGAATTACTGGGTGTAAAGGGAGCGTAGGCGGGCAGGCAAGTCAGGCGTGAAAGATATCGGCTCAACCGGTAGCTGCGCTTGAAACTGCAGGTCTTGAGTGAAGTAGAGGTTGGCGGAATTCCTAGTGTAGCGGTGAAATGCGTAGATATTAGGAGGAACACCAGTGGCGAAGGCGGCCAACTGGGCTTTTACTGACGCTGAGGCTCGAAAGTGTGG","Bacteria","Bacillota_A","Clostridia","Oscillospirales","Ruminococcaceae",NA,NA
"TACGTAGGTGGCAAGCGTTGTCCGGATTTACTGGGTGTAAAGGGCGTGCAGCCGGGTCTGCAAGTCAGATGTGAAATCCATGGGCTCAACCCATGAACTGCATTTGAAACTGTGGATCTTGAGTGTCGGAGGGGCAATCGGAATTCCTAGTGTAGCGGTGAAATGCGTAGATATTAGGAGGAACACCAGTGGCGAAGGCGGATTGCTGGACGATAACTGACGGTGAGGCGCGAAAGTGTG","Bacteria","Bacillota_A","Clostridia","Oscillospirales","Oscillospiraceae","Hominicoprocola",NA
"TACGGAGGATGCGAGCGTTATCCGGATTCATTGGGTTTAAAGGGTGCGTAGGTGGCTTGTTAAGTCAGCGGTGAAAGTCAGTGGCTCAACCATTGAATTGCCGTTGAAACTGGCGAGCTTGAGTACGTACGGGGCAGGCGGAATGCGTGGTGTAGCGGTGAAATGCATAGATATCACGCAGAACCCCGATCGCGAAGGCAGCCTGCCAGGCCGTGACTGACACTGATGCACGAAAGCGTG","Bacteria","Bacteroidota","Bacteroidia","Bacteroidales","Tannerellaceae","Parabacteroides",NA
"TACGTAGGGGGCAAGCGTTATCCGGATTTACTGGGTGTAAAGGGAGCGTAGACGGCGATGCAAGTCTGAAGTGAAAGCCCCGGGCTCAACCTGGGTACTGCTTTGGAAACTGTATTGCTGGAGTGCTGGAGAGGTAAGCGGAATTCCTAGTGTAGCGGTGAAATGCGTAGATATTAGGAGGAACACCAGTGGCGAAGGCGGCTTACTGGACAGTAACTGACGTTGAGGCTCGAAAGCGTG","Bacteria","Bacillota_A","Clostridia","Lachnospirales","Lachnospiraceae","Alitiscatomonas",NA
"TACGTAGGGGGCAAGCGTTATCCGGATTTACTGGGTGTAAAGGGAGCGTAGGTGGCATAGCAAGTCAGATGTGAAAGCCCGGGGCTTAACCCCGGGACTGCATTTGAAACTGCTAAGCTAGAGTACAGGAGAGGCAAGTGGAATTCCTAGTGTAGCGGTGAAATGCGTAGATATTAGGAGGAATACCAGTGGCGAAGGCGGCTTGCTGGACTGTTACTGACACTGAGGCTCGAAAGCGTG","Bacteria","Bacillota_A","Clostridia","Lachnospirales","Lachnospiraceae",NA,NA
"TACGGAAGGTCCGGGCGTTATCCGGATTTATTGGGTTTAAAGGGAGCGTAGGCCGGAGATTAAGCGTGTTGTGAAATGTAGATGCTCAACATCTGAACTGCAGCGCGAACTGGTTTCCTTGAGTACGCACAAAGTGGGCGGAATTCGTGGTGTAGCGGTGAAATGCTTAGATATCACGAAGAACTCCGATTGCGAAGGCAGCTCACTGGAGCGCAACTGACGCTGAAGCTCGAAAGTGCG","Bacteria","Bacteroidota","Bacteroidia","Bacteroidales","Bacteroidaceae","Prevotella",NA
"TACGTATGGTGCAAGCGTTATCCGGATTTACTGGGTGTAAAGGGAGCGCAGGCGGTGCGGCAAGTCTGATGTGAAAGCCCGGGGCTCAACCCCGGTACTGCATTGGAAACTGTCGTACTAGAGTATCGGAGGGGTAAGCGGAATTCCTAGTGTAGCGGTGAAATGCGTAGATATTAGGAGGAACACCAGTGGCGAAGGCGGCTTACTGGACGATAACTGACGCTGAGGCTCGAAAGCGTG","Bacteria","Bacillota_A","Clostridia","Lachnospirales","Lachnospiraceae",NA,NA
"TACGTAGGTGGCGAGCGTTGTCCGGAATTATTGGGCGTAAAGGGAGCGCAGGTGGGAAAGTAAGTCAGTCTTAAAAGTTCGGGGCTCAACCCCGTGATGGGATTGAAACTACTTTTCTTGAGTGCAGGAGAGGAAAGCGGAATTCCTAGTGTAGCGGTGAAATGCGTAGATATTAGGAGGAACACCAGTGGCGAAGGCGGCTTTCTGGACTGTAACTGACACTGAGGCTCGAAAGCGTGG","Bacteria","Bacillota_C","Negativicutes","Selenomonadales","Selenomonadaceae","Anaerovibrio","slackiae"
"TACGTAGGTGGCAAGCGTTGTCCGGATTTACTGGGTGTAAAGGGCGTGCAGCCGGGTCTGCAAGTCAGATGTGAAATCCGTGGGCTCAACCCACGAACTGCATTTGAAACTGTGGATCTTGAGTATCGGAGAGGTAATCGGAATTCCTAGTGTAGCGGTGAAATGCGTAGATATTAGGAAGAACACCAGTGGCGAAGGCGGATTACTGGACGACAACTGACGGTGAGGCGCGAAAGCGTG","Bacteria","Bacillota_A","Clostridia","Oscillospirales","Oscillospiraceae","Dysosmobacter",NA
"TACGTAGGGAGCAAGCGTTATCCGGATTTATTGGGTGTAAAGGGTGCGTAGACGGGAAGGCAAGTTAGTTGTGAAATCCCTCGGCTTAACTGAGGAACTGCAACTAAAACTATCTTTCTTGAGTGCTGGAGAGGAAAGTGGAATTCCTAGTGTAGCGGTGAAATGCGTAGATATTAGGAGGAACACCAGTGGCGAAGGCGACTTTCTGGACAGTAACTGACGTTGAGGCACGAAAGTGTG","Bacteria","Bacillota_A","Clostridia","TANB77","CAG-508",NA,NA
"TACGTATGGAGCAAGCGTTATCCGGATTTACTGGGTGTAAAGGGAGCGCAGGCGGCAGGCCAAGTCAGATGTGAAAACCCGGGGCTCAACCCCGGGACTGCATTTGAAACTGGTCGGCTGGAGTGCGGGAGAGGCAAGTGGAATTCCTAGTGTAGCGGTGAAATGCGTAGATATTAGGAGGAACACCAGTGGCGAAGGCGGCTTGCTGGACCGTAACTGACGCTGAGGCTCGAAAGCGTG","Bacteria","Bacillota_A","Clostridia","Lachnospirales","Lachnospiraceae",NA,NA
"TACGTAGGTGGCAAGCGTTATCCGGATTTATTGGGCGTAAAGCGAGCGCAGGCGGTTTGATAAGTCTGATGTGAAAGCCTTTGGCTTAACCAAAGAAGTGCATCGGAAACTGTCAGACTTGAGTGCAGAAGAGGACAGTGGAACTCCATGTGTAGCGGTGGAATGCGTAGATATATGGAAGAACACCAGTGGCGAAGGCGGCTGTCTGGTCTGCAACTGACGCTGAGGCTCGAAAGCATG","Bacteria","Bacillota","Bacilli","Lactobacillales","Lactobacillaceae","Limosilactobacillus","mucosae"
"TACGGAGGATGCGAGCGTTATCCGGATTTATTGGGTTTAAAGGGTGCGCAGGCGGACTCGTCAAGTCAGCGGTAAAAATTCGGGGCTCAACCCCGTCCTGCCGTTGAAACTGAGAGACTGGAGTGCGACAGAGGGAAGCGGAATGCGAGGTGTAGCGGTGAAATGCATAGATATCGCGCAGAACTCCGATTGCGAAGGCAGCCTTCCATGTCGTAACTGACGCTGAGGCACGAAAGCGTG","Bacteria","Bacteroidota","Bacteroidia","Bacteroidales","Muribaculaceae","SFTJ01",NA
"TACGTAGGGAGCAAGCGTTATCCGGATTTATTGGGTGTAAAGGGTGCGTAGACGGGAAATTAAGTTAGTTGTGAAATCCCTCGGCTCAACTGAGGAACTGCAACTAAAACTGGTTTTCTTGAGTGCAGGAGAGGTAAGTGGAATTCCTAGTGTAGCGGTGAAATGCGTAGATATTAGGAGGAACACCAGTGGCGAAGGCGACTTACTGGACTGTAACTGACGTTGAGGCACGAAAGTGTG","Bacteria","Bacillota_A","Clostridia","TANB77","CAG-508",NA,NA
"TACGTAGGTGGCAAGCGTTGTCCGGATTTACTGGGTGTAAAGGGCGTGTAGCCGGGAGGGCAAGTCAGATGTGAAATCCACGGGCTCAACTCGTGAACTGCATTTGAAACTACTCTTCTTGAGTATCGGAGAGGCAATCGGAATTCCTAGTGTAGCGGTGAAATGCGTAGATATTAGGAGGAACACCAGTGGCGAAGGCGGATTGCTGGACGACAACTGACGGTGAGACGCGAAAGCGTG","Bacteria","Bacillota_A","Clostridia","Oscillospirales","Oscillospiraceae","Vescimonas",NA
"TACGTAGGTGGCGAGCGTTATCCGGAATCATTGGGCGTAAAGGGTGCGTAGGCGGCAGATTAAGTTTGTGGTGAAAGAGCAAGGCTCAACCTTGTTAAGCCACAAAAACTGGTCAGCTAGAGTGCAGTAGAGGCAAGTGGAATTCCATGTGTAGCGGTAAAATGTGTAGATATATGGAGGAACACCGGTGGCGAAGGCGGCTTGCTGGGCTGTAACTGACGCTGAGGCACGAAAGCGTGG","Bacteria","Bacillota_I","Bacilli_A","Acholeplasmatales",NA,NA,NA
"AACGTAGGGTGCAAGCGTTGTCCGGAATTACTGGGTGTAAAGGGAGCGCAGGCGGGAAGACAAGTTGGAAGTGAAAACCATGGGCTCAACCCATGAATTGCTTTCAAAACTGTTTTTCTTGAGTAGTGCAGAGGTAGATGGAATTCCCGGTGTAGCGGTGGAATGCGTAGATATCGGGAGGAACACCAGTGGCGAAGGCGGTCTACTGGGCACCAACTGACGCTGAGGCTCGAAAGCATG","Bacteria","Bacillota_A","Clostridia","Oscillospirales","Ruminococcaceae","Faecalibacterium",NA
"TACGTAGGGGGCAAGCGTTATCCGGATTTACTGGGTGTAAAGGGAGCGTAGACGGTAAAGCAAGTCTGAAGTGAAAGCCCGCGGCTCAACTGCGGGACTGCTTTGGAAACTGTTTAACTGGAGTGCTGGAGAGGTAAGCGGAATTCCTAGTGTAGCGGTGAAATGCGTAGATATTAGGAGGAACACCAGTGGCGAAGGCGGCTTACTGGACAGTAACTGACGTTGAGGCTCGAAAGCGTG","Bacteria","Bacillota_A","Clostridia","Lachnospirales","Lachnospiraceae","Otoolea",NA
"TACGTAGGTGGCAAGCGTTGTCCGGATTTACTGGGTGTAAAGGGCGAGTAGGCGGACCTGCAAGTCAGATGTGAAATCCCCGGGCTTAACCCGGGAACTGCATTTGAAACTGCAGGCCTTGAGTGATGGAGAGGCAGGCGGAATTCCCGGTGTAGCGGTGGAATGCGTAGATATCGGGAGGAACACCAGTGGCGAAGGCGGCCTGCTGGACATTAACTGACGCTGAGGAGCGAAAGCGTG","Bacteria","Bacillota_A","Clostridia","Oscillospirales",NA,NA,NA
"TACGGAGGATGCGAGCGTTATCCGGATTTATTGGGTTTAAAGGGTGCGCAGGCGGCGCGAAAAGTCAGCGGTCAAAGTTCCGGGCTCAACCCGGTGACGCCGTTGAAACTTTCGTGCTGGAGTTCGTGCGAGGGAGGCGGAATGCGTTGTGTAGCGGTGAAATGCATAGATATGACGCAGAACCCCGATTGCGAAGGCAGCTTTCCAGCACGCGACTGACGCTGAGGCACGAAAGCGTGG","Bacteria","Bacteroidota","Bacteroidia","Bacteroidales","Muribaculaceae","Sodaliphilus",NA
"TACGTAGGGGGCGAGCGTTATCCGGATTTATTGGGCGTAAAGCGTGCGTAGGCGGTTTATTAAGTTTAAGATAAAAGCCCGGAGCTTAACTCCGGTTCGTCTTAAAAACTGGTAGACTTGAGTATGGTAGAGGTAAATGGAATTTCTAGTGTAGCGGTGAAATGCGTAGATATTAGAAGGAACACCAGTGGCGAAGGCGATTTACTGGGCCATAACTGACGCTGAGGCACGAAAGCGTGG","Bacteria","Bacillota_I","Bacilli_A","RF39","UBA660","RUG705",NA
"TACGTAGGTGGCAAGCGTTGTCCGGATTTACTGGGTGTAAAGGGCGTGTAGGCGGGAGAGCAAGTCAGAAGTGAAATCCATGGGCTTAACCCATGAACTGCTTTTGAAACTGTTCTTCTTGAGTATCGGAGAGGCAGGCGGAATTCCTAGTGTAGCGGTGAAATGCGTAGATATTAGGAGGAACACCAGTGGCGAAGGCGGCCTGCTGGACGACAACTGACGCTGAGGCGCGAAAGCGTG","Bacteria","Bacillota_A","Clostridia","Oscillospirales","Oscillospiraceae","CAG-170",NA
"TACGTAGGGAGCAAGCGTTATCCGGATTTATTGGGTGTAAAGGGTGCGTAGACGGGACAACAAGTTAGTTGTGAAATCCCTCGGCTCAACTGAGGAACTGCAACTAAAACTATTGTTCTTGAGTGTTGGAGAGGAAAGTGGAATTCCTAGTGTAGCGGTGAAATGCGTAGATATTAGGAGGAACACCGGTGGCGAAGGCGACTTTCTGGACAATAACTGACGTTGAGGCACGAAAGTGTG","Bacteria","Bacillota_A","Clostridia","TANB77","CAG-508",NA,NA
"TACGTAGGGAGCAAGCGTTATCCGGATTTATTGGGTGTAAAGGGTGCGTAGACGGGAAATTAAGTTAGTTGTGAAATCCCTCGGCTTAACTGAGGAACTGCAACTAAAACTGGTTTTCTTGAGTGCTGGAGAGGAAAGTGGAATTCCTAGTGTAGCGGTGAAATGCGTAGATATTAGGAGGAACACCAGTGGCGAAGGCGACTTTCTGGACAGTAACTGACGTTGAGGCACGAAAGTGTG","Bacteria","Bacillota_A","Clostridia","TANB77","CAG-508","UMGS1994",NA
"TACGTAGGTGGCAAGCGTTATCCGGATTTATTGGGCGTAAAGCGAGCGCAGGCGGTTGCTTAGGTCTGATGTGAAAGCCTTCGGCTTAACCGAAGAAGTGCATCGGAAACCGGGCAACTTGAGTGCAGAAGAGGACAGTGGAACTCCATGTGTAGCGGTGGAATGCGTAGATATATGGAAGAACACCAGTGGCGAAGGCGGCTGTCTGGTCTGCAACTGACGCTGAGGCTCGAAAGCATG","Bacteria","Bacillota","Bacilli","Lactobacillales","Lactobacillaceae","Limosilactobacillus",NA
"TACGGAAGGTCCAGGCGTTATCCGGATTTATTGGGTTTAAAGGGAGCGTAGGCCGCCCCTTAAGCGTGTTGTGAAATGCCGCGGCTCAACCGTGGCACTGCAGCGCGAACTGGGGGGCTTGAGTGCACGCAACGCAGGCGGAATTCGTGGTGTAGCGGTGAAATGCTTAGATATCACGAAGAACTCCGATTGCGAAGGCAGCTTGCGGGAGTGCGACTGACGCTGAAGCTCGAAGGTGCG","Bacteria","Bacteroidota","Bacteroidia","Bacteroidales","Bacteroidaceae","Prevotella",NA
"TACGTAGGGGGCAAGCGTTATCCGGAATTATTGGGCGTAAAGAGTGCGTAGGTGGTTACCTAAGCAGGGGGTGAAAGGCATTGGCTTAACCAATGTTAGCCCCCTGAACTGGGCTACTTGAGTGCAGGAGAGGAAAGCGGAATTCCTAGTGTAGCGGTGAAATGCGTAGATATTAGGAGGAACACCAGTGGCGAAGGCGGCTTTCTGGACTGTTACTGACACTGAGGCACGAAAGTGTGG","Bacteria","Bacillota_A","Clostridia","Peptostreptococcales","Anaerovoracaceae","CAG-238",NA
"TACGTATGGAGCAAGCGTTATCCGGATTTACTGGGTGTAAAGGGAGCGTAGACGGCTGGGCAAGTCTGATGTGAAAACCCGGGGCTCAACCCCGGGACTGCATTGGAAACTGTCTGGCTGGAGTGCAGGAGAGGTAAGTGGAATTCCTAGTGTAGCGGTGAAATGCGTAGATATTAGGAGGAACACCAGTGGCGAAGGCGGCTTACTGGACTGTAACTGACGTTGAGGCTCGAAAGCGTG","Bacteria","Bacillota_A","Clostridia","Lachnospirales","Lachnospiraceae",NA,NA
"TACGGAGGATGCAAGCGTTATCCGGATTTATTGGGTTTAAAGGGTGCGTAGGCTGTTTGACAAGTCAGCGGTGAAAGCCCGGCGCTTAACGCCGGAACTGCCATTGATACTGTTGAGCTGGAATACGGATGCCGTGGGAGGAATGAGTAGTGTAGCGGTGAAATGCATAGATATTACTCAGAACACCGATTGCGAAGGCATCTCACGAATCCGTCATTGACGCTGAGGCACGAAAGCGTG","Bacteria","Bacteroidota","Bacteroidia","Bacteroidales","UBA932","RUG11257",NA
"TACGGGGGGTGCAAGCGTTGTCCGGAATCATTGGGCGTAAAGCGTTCGTAGGCGGCAATTCAAGTCTGATGTCAAATCCCGGGGCTCAACTCCGGTCAGGCATTGGATACTGGATAGCTAGAATGTGGTAGAGGTAAAGGGAATTCCTGGTGTAGCGGTGAAATGCGCAGATATCAGGAGGAACACCGGTGGCGTAAGCGCTTTACTGGGCCATAATTGACGCTGAGGAACGAAAGCCGG","Bacteria","Cyanobacteriota","Vampirovibrionia","Gastranaerophilales","Gastranaerophilaceae","JAEZIX01",NA
"TACGTAGGGGGCGAGCGTTATCCGGATTTATTGGGCGTAAAGCGTGTGTAGGCGGTTTGTTAAGTCTGAGATGAAAGGCTATGGCTCAACCATAGTTTGTTTCAGAAACTGGTAGACTAGAGTGCAGTAGAGGCAAATGGAATTCATAGTGTAGCGGTGGAATGCGTAGATATTATGAGGAACATCAGTGGCGAAGGCGATTTGCTGGGCTGTTACTGACGCTGAGACACGAAAGCGTGG","Bacteria","Bacillota_I","Bacilli_A","RF39","UBA660","CAG-1000",NA
"TACGGAGGATGCAAGCGTTATCCGGAATTATTGGGTTTAAAGGGTGCGTAGGCTGTTTTGCAAGTCAGGGGTGAAAGCCCGGAGCTCAACTCCGGAACTGCCTTTGATACTGCGAGGCTGGAATACGGATGCCGTGGGAGGAATGAGTAGTGTAGCGGTGAAATGCATAGATATTACTCAGAACACCGATTGCGAAGGCATCTCACGAATCCGTCATTGACGCTGAGGCACGAAAGCGTG","Bacteria","Bacteroidota","Bacteroidia","Bacteroidales","UBA932","RUG11257",NA
"TACGTAGGGAGCGAGCGTTATCCGGATTTATTGGGTGTAAAGGGCGCGTAGACGGATTTGCAAGTTGGATGTGAAATCCCTTGGCTCAACCAAGGAACTGCATCCAAAACTGTAAACCTTGAGTATGGGAGAGGAAAGCGGAATTCCTAGTGTAGCGGTGAAATGCGTAGATATTAGGAGGAACACCAGTGGCGAAGGCGGCTTTCTGGACCAAAACTGACGTTGAGGCGCGAAAGTGTG","Bacteria","Bacillota_A","Clostridia",NA,NA,NA,NA
"TACGTATGGAGCAAGCGTTATCCGGATTTACTGGGTGTAAAGGGAGTGTAGGTGGCATCACAAGTCAGAAGTGAAAGCCCGGGGCTCAACCCCGGGACTGCTTTTGAAACTGTGGAGCTGGAGTGCAGGAGAGGCAAGTGGAATTCCTAGTGTAGCGGTGAAATGCGTAGATATTAGGAGGAACACCAGTGGCGAAGGCGGCTTGCTGGACTGTAACTGACACTGAGGCTCGAAAGCGTG","Bacteria","Bacillota_A","Clostridia","Lachnospirales","Lachnospiraceae","Lachnospira","sp000437735"
"TACGTAGGTGGCAAGCGTTATCCGGATTTATTGGGCGTAAAGCGAGCGCAGGCGGTTTGATAAGTCTGATGTGAAAGCCTTTGGCTTAACCAAAGAAGTGCATCGGAAACTGTCAGACTTGAGTGCAGAAGAGGGCAGTGGAACTCCATGTGTAGCGGTGGAATGCGTAGATATATGGAAGAACACCAGTGGCGAAGGCGGCTGCCTGGTCTGCAACTGACGCTGAGGCTCGAAAGCATG","Bacteria","Bacillota","Bacilli","Lactobacillales","Lactobacillaceae","Limosilactobacillus","sp012843675"
"TACGGAGGATGCGAGCGTTATCCGGATTTATTGGGTTTAAAGGGTGCGTAGGCCGGCTGTCAAGTCAGCGGTAAAAATTCGGGGCTCAACCCCGTATAGCCGTTGAAACTGGCGGTCTTGAGTAGCGGCGAGGCATGCGGAATGCGAGGTGTAGCGGTGAAATGCATAGATATCACGCAGAACTCCGATTGCGAAGGCAGCATGCCAGCCGCCGACTGACGCTGAGGCACGAAAGTGCGG","Bacteria","Bacteroidota","Bacteroidia","Bacteroidales","Muribaculaceae",NA,NA
"TACAGAGGTCGCGAGCGTTGTTCGGATTTACTGGGCGTAAAGGGCGCGTAGGCTGCGAAGTGTGTCGGATGTGAAATCTCCGGGCCCAACCCGGAAAGTGCGTCCGAAACTGCTTCGCTGGAGGACGGAATGGGGAATCGGAATGCAGGGTGTAGCGGTGAAATGCGTTGATATCCTGCAGAACACCGGAGGCGAAGGCGGATTCCTGGTACGTATCTGACGCTGAGGCGCGAAAGTCGG","Bacteria","Verrucomicrobiota","Kiritimatiellia","RFP12","UBA1067",NA,NA
"TACGTAGGGGGCAAGCGTTATCCGGATTTACTGGGTGTAAAGGGTGCGTAGGTGGCAAGGCAAGTCAGATGTGAAAGCCCGGGGCTCAACCCCGGTACTGCATTTGAAACTGTCTAGCTAGAGTGCAGGAGAGGTAAGCGGAATTCCTAGTGTAGCGGTGAAATGCGTAGATATTAGGAGGAACACCAGTGGCGAAGGCGGCTTACTGGACTGTAACTGACACTGAGGCACGAAAGCGTG","Bacteria","Bacillota_A","Clostridia","Lachnospirales","Lachnospiraceae",NA,NA
"TACGTAGGGGGCAAGCGTTATCCGGATTTACTGGGTGTAAAGGGAGCGTAGATGGCATGGCAAGTCTGAAGTGAAAGCCCGGGGCTTAACCCCGGGACTGCTTTGGAAACTGTTAAGCTAGAGTGCAGGAGGGGTAAGCGGAATTCCTAGTGTAGCGGTGAAATGCGTAGATATTAGGAGGAACACCGGTGGCGAAGGCGGCTTACTGGACTGTAACTGACATTGAGGCTCGAAAGCGTG","Bacteria","Bacillota_A","Clostridia","Lachnospirales","Lachnospiraceae","G11",NA
"TACATAGGGAGCGAGCGTTATCCGGAATTACTGGGTGTAAAGGGAGCGTAGGCGGGAATGCAAGTCAGATGTGAAAACCAGGGGCTTAACCTCTGGACTGCATTTGAAACTGTGTTTCTTGAGTGAAGTAGAGGCAAGCGGAATTCCTGGTGTAGCGGTGAAATGCGTAGATATCAGGAGGAACATCGGTGGCGAAGGCGGCTTGCTGGGCTTTTACTGACGCTGAGGCTCGAAAGCGTG","Bacteria","Bacillota_A","Clostridia","Oscillospirales","Ruminococcaceae",NA,NA
"TACGTAGGTGGCAAGCGTTGTCCGGATTTACTGGGTGTAAAGGGCGTGTAGGCGGAGATTCAAGTCAGATGTGAAATCTCAGGGCTTAACCCTGAAACTGCATTTGAAACTGAATCCCTTGAGTATCGGAGAGGCAGGCGGAATTCCTAGTGTAGCGGTGAAATGCGTAGATATTAGGAGGAACACCAGTGGCGAAGGCGGCCTGCTGGACGACAACTGACGCTGAGGCGCGAAAGCGTG","Bacteria","Bacillota_A","Clostridia",NA,NA,NA,NA
"TACGTAGGTGGCAAGCGTTGTCCGGAATTACTGGGTGTAAAGGGAGCGTAGGCGGGAAGGCAAGTTGATTGTCTAAACTATGGGCTCAACCCATAGTCGCGATCAAAACTACTTTTCTTGAGTGAAGTAGAGGTAAGCGGAATTCCTAGTGTAGCGGTGAAATGCGTAAATATTAGGAGGAACACCAGTGGCGAAGGCGGCTTACTGGGCTTTAACTGACGCTGAGGCTCGAAAGCGTGG","Bacteria","Bacillota_A","Clostridia","Oscillospirales","Ruminococcaceae","Fumia",NA
"TACGTAGGTGGCAAGCGTTATCCGGATTTACTGGGTGTAAAGGGCGCGTAGGCGGGGATGCAAGTCAGATGTGAAATCTATGGGCTTAACCCATAAACTGCATTTGAAACTGTATCTCTTGAGTGCTGGAGAGGTAGATGGAATTCCTTGTGTAGCGGTGAAATGCGTAGATATAAGGAAGAACACCAGTGGCGAAGGCGATCTACTGGACAGTAACTGACGCTGAGGCGCGAGAGCGTG","Bacteria","Bacillota_A","Clostridia",NA,NA,NA,NA
"TACGTAGGGGGCAAGCGTTATCCGGATTTACTGGGTGTAAAGGGAGCGCAGGCGGTCTGGCAAGTCTGATGTGAAAACCCGGGGCTCAACCCCGGGACTGCATTGGAAACTGTCAGACTTGAGTATCGGAGAGGTAAGTGGAATTCCTAGTGTAGCGGTGAAATGCGTAGATATTAGGAGGAACACCAGTGGCGAAGGCGGCTTACTGGACGATAACTGACGCTGAGGCTCGAAAGCGTG","Bacteria","Bacillota_A","Clostridia","Lachnospirales","Lachnospiraceae",NA,NA
"TACGTAGGTGGCAAGCGTTGTCCGGATTTACTGGGTGTAAAGGGCGTGCAGCCGGAGAGATAAGTCAGATGTGAAATCCGCGGGCTCAACCCGCGAACTGCATTTGAAACTGTTTCCCTTGAGTATCGGAGAGGTAATCGGAATTCCTAGTGTAGCGGTGAAATGCGTAGATATTAGGAAGAACACCAGTGGCGAAGGCGGATTACTGGACGACAACTGACGGTGAGGCGCGAAAGCGTG","Bacteria","Bacillota_A","Clostridia","Oscillospirales","Oscillospiraceae","Dysosmobacter",NA
"TACGTAGGGGGCGAGCGTTATCCGGATTTATTGGGCGTAAAGCGTGTGTAGGCGGTTTATTAAGTTTAGAATCAAATCCCGAAGCTCAACTTCGGTTCGTTCTAAAAACTGGTAGACTTGAGTGTGGTAGAGGTAAATGGAATTTCTAGTGTAGCGGTTAAATGCGTAGATATTAGAAGGAACACCAGTGGCGAAGGCGATTTACTGGGCCATTACTGACGCTGAGACACGAAAGCGTGG","Bacteria","Bacillota_I","Bacilli_A","RF39","UBA660","CAG-762",NA
"TACGTATGGAGCAAGCGTTATCCGGATTTACTGGGTGTAAAGGGAGCGTAGACGGCATGGCAAGTCTGATGTGAAAACCCTGGGCTCAACCCAGGAATGGCATTGGAAACTGTTAAGCTAGAGTGCAGGAGAGGTAAGTGGAATTCCTAGTGTAGCGGTGAAATGCGTAGATATTAGGAGGAACACCAGTGGCGAAGGCGGCTTACTGGACTGTAACTGACGTTGAGGCTCGAAAGCGTG","Bacteria","Bacillota_A","Clostridia","Lachnospirales","Lachnospiraceae",NA,NA
"TACGTAGGTGGCAAGCGTTGTCCGGATTTACTGGGTGTAAAGGGCGTGTAGCCGGGGAGACAAGTCAGATGTGAAATCTGGAGGCTCAACCTCCAAACTGCATTTGAAACTGTTTCTCTTGAGTATCGGAGAGGTAATCGGAATTCCTAGTGTAGCGGTGAAATGCGTAGATATTAGGAGGAACACCAGTGGCGAAGGCGGATTACTGGACGACAACTGACGGTGAGGCGCGAAAGCGTG","Bacteria","Bacillota_A","Clostridia","Oscillospirales","Oscillospiraceae",NA,NA
"TACGTAGGTGGCAAGCGTTGTCCGGATTTACTGGGTGTAAAGGGCGTGTAGCCGGGTCGGCAAGTCAGATGTGAAATCTAGGGGCTCAACCCCTAAACTGCATTTGAAACTGTTGATCTTGAGTATCGGAGAGGTAACCGGAATTCCTTGTGTAGCGGTGAAATGCGTAGATATAAGGAAGAACACCAGTGGCGAAGGCGGGTTACTGGACGACAACTGACGGTGAGGCGCGAAAGCGTG","Bacteria","Bacillota_A","Clostridia","Oscillospirales","Oscillospiraceae","Dysosmobacter",NA
"TACGTAGGTGGCAAGCGTTGTCCGGATTTACTGGGCGTAAAGGGAGCGTAGGCGGACCTTTAAGTGAGATGTGAAATACCCGAGCTCAACTTGGGTGCTGCATTTCAAACTGGAGGTCTAGAGTGTCGGAGAGGTAAGTGGAATTCCTAGTGTAGCGGTGAAATGCGTAGAGATTAGGAAGAACCCCGGTGGCGAAGGCGACTTACTGGACGATAACTGACGCTGAGGCTCGAAAGCGTG","Bacteria","Bacillota_A","Clostridia","Clostridiales","Clostridiaceae","Clostridium_AN",NA
"TACGTAGGGGGCGAGCGTTATCCGGATTTATTGGGCGTAAAGCGTGCGTAGGCGGTTTATTAAGTTTAAGATAAAAGCCCGGGGCTTAACTCCGGTTCGTCTTAAAAACTGGTAAACTTGAGTATGGTAGAGGCAAACGGAATTTCTAGTGTAGCGGTGAAATGCGTAGATATTAGAAGGAACACCAGTGGCGAAGGCGGTTTGCTGGGCCAAAACTGACGCTGAGGCACGAAAGCGTGG","Bacteria","Bacillota_I","Bacilli_A","RF39","UBA660","CALVVX01",NA
"TACGTAGGGAGCGAGCGTTGTCCGGAATTACTGGGCGTAAAGGGCGCGTAGGCGGTCATTCAAGTCATCTGTAAAATGGAAGGGCTTAACCCTTCAGGGCAGATGAAACTGGAAGACTGGAGGTGCACAGAAGCAGGCAGAATTCCTGGTGTAGCGGTGAAATGCGTAGATATCAGGAAGAATACCAGTGGCGAAGGCGGCCTGCCGGGTGCAAACTGACGCTGAAGCGCGAAAGCCAGG","Bacteria","Synergistota","Synergistia","Synergistales","Dethiosulfovibrionaceae","Pyramidobacter",NA
"TACGGAAGGTCCGGGCGTTATCCGGATTTATTGGGTTTAAAGGGAGCGCAGGCGGGCTTTTAAGTCAGTTGTGAAATACGGCGGCTCAACCGTCGGACTGCAGTTGAAACTGGAAGTCTTGAGTTCACACAGGGATGCCGGAATTCATGGTGTAGCGGTGAAATGCTCAGATATCATGAAGAACTCCGATCGCGAAGGCAGGCATCCGGGGTGTTACTGACGCTGAGGCTCGAAAGTGCG","Bacteria","Bacteroidota","Bacteroidia","Bacteroidales","Bacteroidaceae","Alloprevotella",NA
"TACGTAGGTGGCAAGCGTTGTCCGGAATTACTGGGTGTAAAGGGAGCGCAGGCGGGACAGCAAGTTGGATGTGAAATACCGAGGCTTAACCACGGAGCTGCATCCAAAACTGTTGTTCTTGAGTGAAGTAGAGGTAGGCGGAATTCCGAGTGTAGCGGTGAAATGCGTAGATATTCGGAGGAACACCAGTGGCGAAGGCGGCCTACTGGGCTTTAACTGACGCTGAGGCTCGAAAGTGTG","Bacteria","Bacillota_A","Clostridia","Oscillospirales","Acutalibacteraceae","CAG-488","sp900539465"
"TACGGAGGATGCGAGCGTTATCCGGATTTATTGGGTTTAAAGGGTGCGCAGGCGGCGCGAAAAGTCAGCGGTCAAAGTTCCGGGCTCAACCCGGTGACGCCGTTGAAACTTTCGAGCTGGAGTTCGTGCGAGGGAGGCGGAATGCGTTGTGTAGCGGTGAAATGCATAGATATGACGCAGAACCCCGATTGCGAAGGCAGCTTTCCAGCACGCGACTGACGCTGAGGCACGAAAGCGTGG","Bacteria","Bacteroidota","Bacteroidia","Bacteroidales","Muribaculaceae","Sodaliphilus","pleomorphus"
"TACGTAGGTGGCAAGCGTTGTCCGGATTTATTGGGCGTAAAGCGAGCGCAGGCGGAATGATAAGTCTGATGTGAAAGCCCACGGCTCAACCGTGGAACTGCATCGGAAACTGTCATTCTTGAGTGCAGAAGAGGAGAGTGGAACTCCATGTGTAGCGGTGGAATGCGTAGATATATGGAAGAACACCAGTGGCGAAGGCGGCTCTCTGGTCTGCAACTGACGCTGAGGCTCGAAAGCATG","Bacteria","Bacillota","Bacilli","Lactobacillales","Lactobacillaceae","Lactobacillus",NA
"TACGTAGGATGCAAGCGTTATCCGGAATGACTGGGCGTAAAGGGTGCGTAGGCGGTTTTGCAAGTTGGCAGCGTAATTCCGGGGCTTAACTCCGGAACTACTGCCAAAACTGTAGGGCTTGAGTGCGGCAGGGGTATGTGGAATTCCTAGTGTAGCGGTGGAATGCGTAGATATTAGGAAGAACACCGGAGGCGAAAGCGACATACTGGGCCGTAACTGACGCTGAGGCACGAAAGCGTG","Bacteria","Bacillota_A","Clostridia","Christensenellales",NA,NA,NA
"TACGGAGGGTGCAAGCGTTGTCCGGAATCATTGGGCGTAAAGAGTTCGTAGGTGGTTTGTTAAGTTTGGTGTTAAATGCAGGGGCTCAACCTCTGTTCGGCATCGGATACTGGCAGACTAGAATGCGGTAGAGGTAAAGGGAATTCCTGGTGTAGCGGTGAAATGCGTAGATATCAGGAGGAACATCGGTGGCGTAAGCGCTTTACTGGGCCGTAATTGACACTGAGGAACGAAAGCCAG","Bacteria","Cyanobacteriota","Vampirovibrionia","Gastranaerophilales","Gastranaerophilaceae","CALUTH01",NA
"TACGTAGGGAGCGAGCGTTATCCGGATTTATTGGGTGTAAAGGGTGCGTAGACGGGAAGTCAAGTTAGTTGTGAAATCCCTCGGCTTAACTGAGGAACTGCAACTAAAACTGATTTTCTTGAGTACTGGAGAGGAAAGTGGAATTCCTAGTGTAGCGGTGAAATGCGTAGATATTAGGAGGAACACCGGTGGCGAAGGCGACTTTCTGGACAGAAACTGACGTTGAGGCACGAAAGTGTG","Bacteria","Bacillota_A","Clostridia","TANB77","CAG-508",NA,NA
"TACGTAGGTGGCAAGCGTTGTCCGGATTTACTGGGTGTAAAGGGCGCGTAGGCGGGATGGCAAGTCAGATGTGAAATCCATGGGCTCAACCCATGAACTGCATTTGAAACTGTCGTTCTTGAGTATCGGAGAGGCAAGCGGAATTCCTAGTGTAGCGGTGAAATGCGTAGATATTAGGAGGAACACCAGTGGCGAAGGCGGCTTGCTGGACGACAACTGACGCTGAGGCGCGAAAGCGTG","Bacteria","Bacillota_A","Clostridia","Oscillospirales","Oscillospiraceae",NA,NA
"TACGTAGGTGGCAAGCGTTGTCCGGATTTACTGGGTGTAAAGGGCGTGTAGGCGGAGCAGCAAGTCAGAAGTGAAATCCATGGGCTTAACCCATGAACTGCTTTTGAAACTGTTGCCCTTGAGTATCGGAGAGGCAGGCGGAATTCCTAGTGTAGCGGTGAAATGCGTAGATATTAGGAGGAACACCAGTGGCGAAGGCGGCCTGCTGGACGACAACTGACGCTGAGGCGCGAAAGCGTG","Bacteria","Bacillota_A","Clostridia","UBA1212","UBA1255","UBA1255",NA
"TACGGAAGGTCCAGGCGTTATCCGGATTTATTGGGTTTAAAGGGAGCGTAGGCCGTTTTTTAAGCGTGTTGTGAAATACTGTCGCTCAACGACAGAGGTGCAGCGCGAACTGGAGGACTTGAGTGCGCGGAATGTAGGCGGAATTCGTCGTGTAGCGGTGAAATGCTTAGATATGACGAAGAACTCCGATTGCGAAGGCAGCTTACAGTAGCGTAACTGACGCTGAAGCTCGAAAGTGCG","Bacteria","Bacteroidota","Bacteroidia","Bacteroidales","Bacteroidaceae","Prevotella",NA
"TACGGGGGATGCAAGCGTTATCCGGATTCATTGGGTTTAAAGGGTGCGTAGGCGGCTTGGCAAGTCAGCGGTGAAAGGCCCGGGCTCAACCCGGAAAGTGCCGTTGATACTGTTAGGCTTGAATGCGGATGCTGTGGGAGGAATGAGTGGTGTAGCGGTGAAATGCATAGATATCACTCAGAACACCGATTGCGAAGGCATCTCACAAATCCGTGATTGACGCTGAGGCACGAAAGCGTG","Bacteria","Bacteroidota","Bacteroidia","Bacteroidales","UBA932","RUG11257",NA
"TACGTAGGTGGCAAGCGTTATCCGGAATTATTGGGCGTAAAGAGTGAGCAGGCGGTCGTTTAAGTCTGAAGTCAAAGGCAGTAGCTTAACTATTGTACGCTTTGGAAACTGGACGACTAGAGTTCGGGAGAGGTAAATGGAACTTCATGTGTAGCGGTGAAATGCGTAGATATATGAAAGAACACCAGTGGCGAAGGCGATTTACTAGACCGATACTGACGCTCAGTCACGAAAGCGTGG","Bacteria","Bacillota_I","Bacilli_A","RFN20","CAG-449","UBA3210",NA
"TACGCAGGGTGCAAGCGTTAATCGGAATTACTGGGCGTAAAGGGTGCGCAGGCGGCTGTGCAAGACAGATGTGAAATCCCCGGGCTTAACCTGGGAACTGCATTTGTGACTGCACGGCTGGAGTCTGTCAGAGGAGGGTGGAATTCCGCGTGTAGCAGTGAAATGCGTAGATATGCGGAAGAACACCGATGGCGAAGGCAGCCCTCTGGGACATGACTGACGCTCATGCACGAAAGCGTG","Bacteria","Pseudomonadota","Gammaproteobacteria","Burkholderiales","Burkholderiaceae","Mesosutterella","sp022134585"
"TACGTAGGTGGCAAGCGTTGTCCGGATTTACTGGGTGTAAAGGGCGTGTAGCCGGGTCGGCAAGTCAGATGTGAAATCTGGAGGCTCAACCTCCAAACTGCATTTGAAACTGTTGATCTTGAGTATCGGAGAGGTAACCGGAATTCCTTGTGTAGCGGTGAAATGCGTAGATATAAGGAAGAACACCAGTGGCGAAGGCGGGTTACTGGACGACAACTGACGGTGAGGCGCGAAAGCGTG","Bacteria","Bacillota_A","Clostridia","Oscillospirales","Oscillospiraceae","Dysosmobacter",NA
"TACGTAGGTGGCAAGCGTTGTCCGGATTTACTGGGTGTAAAGGGCGTGTAGGCGGAGATTCAAGTCAGGAGTGAAATCTATGGGCTTAACCCATAAACTGCTTTTGAAACTGAATCCCTTGAGTATCGGAGAGGCAGGCGGAATTCCTAGTGTAGCGGTGAAATGCGTAGATATTAGGAGGAACACCAGTGGCGAAGGCGGCCTGCTGGACGACAACTGACGCTGAGGCGCGAAAGCGTG","Bacteria","Bacillota_A","Clostridia","UBA1212","UBA1255","UBA1255",NA
"TACGTAGGGGGCGAGCGTTATCCGGATTTATTGGGCGTAAAGCGTGTGTAGGCGGTTTGTTAAGTTTAAGATTAAAGCCCGAGGCTTAACCTCGGTTCGTCTTAAAAACTGGCAGACTTGAGTGCAGTAGAGGCAAGTGGAATTTCTAGTGTAGCGGTTAAATGCGTAGATATTAGAAGGAACACCAGTGGCGAAGGCGGCTTGCTGGGCTGTTACTGACGCTGAGACACGAAAGCGTGG","Bacteria","Bacillota_I","Bacilli_A","RF39","UBA660",NA,NA
"TACGTAGGGAGCAAGCGTTATCCGGATTTATTGGGTGTAAAGGGTGCGTAGACGGGAATGCAAGTTGGTTGTGAAATCCCTCGGCTCAACTGAGGAACTGCAACCAAAACTACATTTCTTGAGTGCTGGAGAGGAAAGTGGAATTCCTAGTGTAGCGGTGAAATGCGTAGATATTAGGAGGAACACCAGTGGCGAAGGCGACTTTCTGGACAGTAACTGACGTTGAGGCACGAAAGTGTG","Bacteria","Bacillota_A","Clostridia","TANB77","CAG-508","Scatovivens",NA
"TACGTAGGGGGCGAGCGTTATCCGGAATTATTGGGCGTAAAGAGTGCGTAGGCGGTTTTTTAAGCGCGGGGTGAAAGGCAATGGCTTAACCATTGTTAGCCCTGCGAACTGGGAGACTTGAGTGCAGGAGAGGAAAGCGGAATTCCTAGTGTAGCGGTGAAATGCGTAGATATTAGGAGGAACACCAGTGGCGAAGGCGGCTTTCTGGACTGTAACTGACGCTGAGGCACGAAAGTGTGG","Bacteria","Bacillota_A","Clostridia","Peptostreptococcales","Anaerovoracaceae",NA,NA
"TACGTAGGTGGCAAGCGTTGTCCGGATTTACTGGGCGTAAAGGGAGCGTAGGTGGATATTTAAGTGGGATGTGAAATACCCGGGCTTAACCTGGGTGCTGCATTCCAAACTGGATATCTAGAGTGCAGGAGAGGAAAGGAGAATTCCTAGTGTAGCGGTGAAATGCGTAGAGATTAGGAAGAATACCAGTGGCGAAGGCGCCTTTCTGGACTGTAACTGACACTGAGGCTCGAAAGCGTG","Bacteria","Bacillota_A","Clostridia","Clostridiales","Clostridiaceae","Clostridium",NA
"TACGGAGGGTGCAAGCGTTATCCGGATTTATTGGGTTTAAAGGGTGCGTAGGCTGTAAGTCAAGTCAGCGGTGAAAAGTCGGGGCTAAACCTTGAGGGTGCCGTTGAAACTGATTTACTAGAATGTGGATGATGCCGGCGGAATGTGTCAAGTAGCGGTGAAATGCATAGATATGACACAGAAGGCCGATTGCGAAGGCAGCTGGCAAAGGCACGATTGACGCTGAGGCACGAAAGTGCG","Bacteria","Bacteroidota","Bacteroidia",NA,NA,NA,NA
"TACGTAGGTGGCAAGCGTTATCCGGATTTATTGGGCGTAAAGGGTGCGCAGGCGGTTTGTTAAGTTTGGTGTGAAAGCGTGGGGCTCAACCCCATATAGCATTAAATACTGGCAAACTAGAGTGCAGAAGAGGGTAATGGAACTCCATGTGTAGCGGTAAAATGCGTAGATATATGGAAGAACACCAGCGGCGAAGGCGGTTACCTGGTCTGTAACTGACGCTCAGGCACGAAAGCGTGG","Bacteria","Bacillota_I","Bacilli_A","Erysipelotrichales","Erysipelotrichaceae",NA,NA
"TACATAGGGAGCAAGCGTTATCCGGATTTATTGGGTGTAAAGGGTGCGTAGACGGGAAATTAAGTTAGTTGTGAAATCCCTTGGCTTAACTGAGGAACTGCAACTAAAACTGGTTTTCTTGAGTACTGGAGAGGAAAGTGGAATTCCTAGTGTAGCGGTGAAATGCGTAGATATTAGGAGGAACACCAGTGGCGAAGGCGACTTTCTGGACAGCAACTGACGTTGAGGCACGAAAGTGTG","Bacteria","Bacillota_A","Clostridia","TANB77","CAG-508","UMGS1994",NA
"TACGTAGGGAGCAAGCGTTATCCGGATTTATTGGGTGTAAAGGGTGCGTAGACGGGAAATTAAGTTAGTTGTGAAATCCCTCGGCTCAACTGAGGAACTGCAACTAAAACTGATTTTCTTGAGTACTGGAGAGGAAAGTGGAATTCCTAGTGTAGCGGTGAAATGCGTAGATATTAGGAGGAACACCAGTGGCGAAGGCGACTTTCTGGACAGAAACTGACGTTGAGGCACGAAAGTGTG","Bacteria","Bacillota_A","Clostridia","TANB77","CAG-508","Scatovivens",NA
"TACGTAGGTGGCGAGCGTTATCCGGAATTACTGGGTGTAAAGGGTGTGTAGGCGGGCAAACAAGTCAGATGTGAAAACTATGGGCTTAACCCATAGCCTGCATTTGAAACTGTATGTCTTGAGGATGGGAGAGGTAAATGGAATTCCCGGTGTAGCGGTGAAATGCGTAGATATCGGGAGGAACACCAGTGGCGAAGGCGGTTTACTGGACCATTACTGACGCTGAGACACGAAAGCGTG","Bacteria","Bacillota_A","Clostridia","Christensenellales","UBA3700","UBA3700","sp022784465"
"TACGGAAGGTCCAGGCGTTATCCGGATTTATTGGGTTTAAAGGGAGCGTAGGCGGATTTTTAAGTCAGTTGTGAAAGTTTGAGGCTCAACCTTAAAATTGCAGTTGAAACTGGAAGTCTTGAGTGCACGCAGAGGTGCCGGAATTCATGGTGTAGCGGTGAAATGCTTAGATATCATGAAGAACTCCGATCGCGAAGGCAAGTGCCTGGAGTGCTACTGACGCTGAGGCTCGAAAGTGCG","Bacteria","Bacteroidota","Bacteroidia","Bacteroidales","Bacteroidaceae","Alloprevotella",NA
"TACGTAGGGGGCGAGCGTTGTCCGGAATTATTGGGCGTAAAGGGCGCGTAGACGGCCGGGTAAGTTATAGGTGAAAGCCCATCTTTCAAGGATGGAATTGCCTGTAATACTGCTTGGCTTGAGTGCAGGAGAGGGAAGCGGAATTCCTAGTGTAGCGGTGAAATGCGTAGATATTAGGAGGAACACCAGTGGCGAAGGCGGCTTTCTGGACTGTAACTGACGTTGAGGCGCGAAAGCGTG","Bacteria","Bacillota_A","Clostridia",NA,NA,NA,NA
"TACGGAAGGTCCGGGCGTTATCCGGATTTATTGGGTTTAAAGGGAGCGCAGGCGGAGGATCAAGCCAGCCGTCAAATAGCGGTGCTCAACACCGTCCAGCGGTTGGAACTGGTTCCCTTGATTGCGGGAGAAGAAGGCGGAACTCGTGGTGTAGCGGTGAAATGCATAGATATCACGAAGAACTCCGATTGCGAAGGCAGCCTTCCGGCCCGCCAATGACGCTCATGCTCGAAGGCGCGG","Bacteria","Bacteroidota","Bacteroidia","Bacteroidales","Bacteroidaceae","UBA4334",NA
"TACGTAGGTGGCAAGCGTTGTCCGGATTTACTGGGTGTAAAGGGCGTGTAGGCGGAGATTCAAGTCAGATGTGAAATCTAGGGGCTTAACCCCTAAACTGCATTTGAAACTGAATCCCTTGAGTATCGGAGAGGCAGGCGGAATTCCTAGTGTAGCGGTGAAATGCGTAGATATTAGGAGGAACACCAGTGGCGAAGGCGGCCTGCTGGACGACAACTGACGCTGAGGCGCGAAAGCGTG","Bacteria","Bacillota_A","Clostridia",NA,NA,NA,NA
"TACGTAGGTGGCGAGCGTTGTCCGGATTTACTGGGTGTAAAGGGCGAGTAGGCGGTCTTGCAAGTCAGATGTGAAATACCGGAGCTCAACTCCGGGGCTGCATTTGAAACTGTAGGACTTGAGTGATGGAGAGGCAGGCGGAATTCCCGGTGTAGCGGTGGAATGCGTAGATATCGGGAGGAACACCAGTGGCGAAGGCGGCCTGCTGGACATTAACTGACGCTGAGGAGCGAAAGCGTG","Bacteria","Bacillota_A","Clostridia","Oscillospirales","UMGS1384","SIG502",NA
"TACGTAGGGGGCAAGCGTTATCCGGAATTATTGGGCGTAAAGAGTGCGTAGGTGGTTACCTAAGCAGGGGGTGAAAGGCAATGGCTCAACTATTGTTAGCCCCCTGAACTGGGCTACTTGAGTGCAGGAGAGGAAAGCGGAATTCCTAGTGTAGCGGTGAAATGCGTAGATATTAGGAGGAACACCAGTGGCGAAGGCGGCTTTCTGGACTGTTACTGACACTGAGGCACGAAAGTGTGG","Bacteria","Bacillota_A","Clostridia","Peptostreptococcales","Anaerovoracaceae",NA,NA
"AACGTAGGTGGCAAGCGTTGTCCGGAATTACTGGGTGTAAAGGGAGCGCAGGCGGAAGGACAAGTTGGAAGTGAAACCCACGGGCTCAACCCGTGAACTGCTTTCAAAACTGTTTTTCTTGAGTGGTGTAGAGGTAGGCGGAATTCCCGGTGTAGCGGTGGAATGCGTAGATATCGGGAGGAACACCAGTGGCGAAGGCGGCCTACTGGGCACTAACTGACGCTGAGGCTCGAAAGCATG","Bacteria","Bacillota_A","Clostridia","Oscillospirales","Ruminococcaceae","Fournierella",NA
"TACGTAGGGGGCAAGCGTTATCCGGATTTACTGGGTGTAAAGGGTGCGTAGGTGGTATGGTAAGTCAGAAGTGAAAACCCGGGGCTCAACTCCGAGGATTGCTTTTGAAACTATCAGACTGGAGTACCGGAGAGGTAAGCGGAATTCCTAGTGTAGCGGTGAAATGCGTAGATATTAGGAGGAACACCAGTGGCGAAGGCGGCTTACTGGACGGTAACTGACACTGAGGCACGAAAGCGT","Bacteria","Bacillota_A","Clostridia","Lachnospirales","Lachnospiraceae",NA,NA
"TACGTAGGTGGCGAGCGTTATCCGGAATTACTGGGTGTAAAGGGTGTGTAGGCGGGGAGGCAAGTCAGATGTGAAAACTATGGGCTCAACCCATAAAGTGCATTTGAAACTGTTTCTCTTGAGTGTCGGAGGGGTAAATGGAATTCCCGGTGTAGCGGTGAAATGCGTAGATATCGGGAGGAACACCTGTGGCGAAGGCGATTTACTGGACGACAACTGACGCTGAGACACGAAAGCGTG","Bacteria","Bacillota_A","Clostridia","Oscillospirales","CAG-272",NA,NA
"TACGTAGGATGCGAGCGTTATCCGGAATTACTGGGTGTAAAGGGAGCGCAGGCGGGACTGCAAGTTGGATGTGAAATACCGCAGCTTAACTGCGGAGCTGCATCCAAAACTGTAGTTCTTGAGTGGAGTAGAGGCAAGCGGAATTCCGAGTGTAGCGGTGAAATGCGTAGATATTCGGAGGAACACCAGTGGCGAAGGCGGCTTGCTGGGCTCTAACTGACGCTGAGGCTCGAAAGTGTG","Bacteria","Bacillota_A","Clostridia","Oscillospirales","Acutalibacteraceae","WRKY01",NA
"TACGGAGGATGCGAGCGTTATCCGGATTTATTGGGTTTAAAGGGTGCGCAGGCGGCGCGAAAAGTCAGCGGTCAAAGTTCCGGGCTCAACCCGGTGACGCCGTTGAAACTTTCGGGCTGGAGTTCGTGCGAGGGAGGCGGAATGCGTTGTGTAGCGGTGAAATGCATAGATATGACGCAGAACTCCGATTGCGAAGGCAGCTTTCCAGCACGCGACTGACGCTGAGGCACGAAAGCGTGG","Bacteria","Bacteroidota","Bacteroidia","Bacteroidales","Muribaculaceae","Sodaliphilus",NA
"TACGTAGGTGGCAAGCGTTGTCCGGATTTACTGGGTGTAAAGGGCGTGCAGCCGGGCTGACAAGTCAGATGTGAAATCCCGAGGCTTAACCTCGGAACTGCATTTGAAACTGTTGGTCTTGAGTATCGGAGAGGTCATCGGAATTCCTTGTGTAGCGGTGAAATGCGTAGATATAAGGAAGAACACCAGTGGCGAAGGCGGATGACTGGACGACAACTGACGGTGAGGCGCGAAAGCGTG","Bacteria","Bacillota_A","Clostridia","Oscillospirales","Oscillospiraceae",NA,NA
"TACGTAGGTGGCGAGCGTTGTCCGGAATTACTGGGTGTAAAGGGAGCGCAGGCGGGACAGCAAGTTGGATGTGAAATACCGAGGCTTAACTTCGGAGCTGCATCCAAAACTGTTGTTCTTGAGTGGAGTAGAGGCAAGCGGAATTCCGAGTGTAGCGGTGAAATGCGTAGATATTCGGAGGAACACCAGTGGCGAAGGCGGCTTGCTGGGCTCTAACTGACGCTGAGGCTCGAAAGTGTG","Bacteria","Bacillota_A","Clostridia","Oscillospirales","Acutalibacteraceae","CAG-488",NA
"TACGTAGGTGGCAAGCGTTGTCCGGATTTACTGGGTGTAAAGGGCGTGTAGGCGGAGGATCAAGTCAGATGTGAAATCTAGGGGCTTAACCCCTAAACTGCATTTGAAACTGACCCCCTTGAGTATCGGAGAGGCAGGCGGAATTCCTAGTGTAGCGGTGAAATGCGTAGATATTAGGAGGAACACCAGTGGCGAAGGCGGCCTGCTGGACGACAACTGACGCTGAGGCGCGAAAGCGTG","Bacteria","Bacillota_A","Clostridia",NA,NA,NA,NA
"TACGTAGGGGGCTAGCGTTATCCGGATTTACTGGGCGTAAAGGGTGCGTAGGCGGTCTTTTAAGTCAGAAGTGAAAGGCTACGGCTTAACCGTAGTAAGCTTTTGAAACTGGAGGACTTGAGTGCAGGAGAGGAGAGTGGAATTCCTAGTGTAGCGGTGAAATGCGTAGATATTAGGAGGAACACCAGTAGCGAAGGCGGCTCTCTGGACTGTAACTGACGCTGAGGCACGAAAGCGTGG","Bacteria","Bacillota_A","Clostridia","Peptostreptococcales","Peptostreptococcaceae","Intestinibacter",NA
"TACGTAGGGTGCAAGCGTTAATCGGAATTACTGGGCGTAAAGCGTGCGCAGGCGGTTCTGTAAGACAGATGTGAAATCCCCGGGCTTAACCTGGGAATTGCATTTGTGACTGCAGGACTAGAGTTCATCAGAGGGGGGTGGAATTCCAAGTGTAGCAGTGAAATGCGTAGATATTTGGAAGAACACCAATGGCGAAGGCAGCCCCCTGGGATGCGACTGACGCTCATGCACGAAAGCGTG","Bacteria","Pseudomonadota","Gammaproteobacteria","Burkholderiales","Burkholderiaceae","Sutterella",NA
"TACGTAGGTGGCAAGCGTTATCCGGATTTATTGGGTGTAAAGGGTGAGTAGGCGGGCTGACAAGTCAGATGTGAAATGTTCGGGCTTAACCTGAGAACTGCATTTGAAACTGCCAGTCTTGAGTGTCGGAGGGGTAATCGGAATTCCCGGTGTAGCGGTGAAATGCGTAGAGATCGGGAGGAACACCAGTGGCGAAGGCGGATTACTGGACGACAACTGACGCTGATACACGAAAGCGTG","Bacteria","Bacillota_A","Clostridia","Oscillospirales",NA,NA,NA
"TACGTAGGTGGCAAGCGTTGTCCGGATTTACTGGGTGTAAAGGGCGTGTAGGCGGGATTGCAGGTCAGATGTGAAATACCCGGGCTTAACCCGGGAGCTGCATTTGAAACCGCAGTTCTTGAGTGCTGGAGAGGGAAGCGGAATTCCTAGTGTAGCGGTGAAATGCGTAGATATTAGGAGGAACACCAGTGGCGAAGGCGGCTTTCTGGACAGTAACTGACGCTGAGGCGCGAAAGCGTG","Bacteria","Bacillota_A","Clostridia","UMGS1810","UMGS1810","Qingrenia",NA
"CACGTAAGGTGCGAGCGTTATTCGGAATTATTGGGCGTAAAGGGCACGCAGGCGGCTTTGCAAGCTTGGTGTGAAATCCCGGGGCTCAACCCCGGAACTGCATTGAGAACTGCATGGCTAGAGTTAGTGAGGGGAAACCGGAATTCCAGGTGTAGGGGTGAAATCTGTAGATATCTGGAAGAACACCAATGGCGAAGGCAGGTTTCCAGTACATAACTGACGCTCAGGTGCGAAGGTGCG","Bacteria","Spirochaetota","Spirochaetia","Treponematales","Treponemataceae","Treponema_D",NA
"TACGTAGGTGGCGAGCGTTGTCCGGAATTATTGGGCGTAAAGGGAGCGCAGGTGGGAAAGTAAGTCAGTCTTAAAAGTGCGGGGCTCAACCCCGTGAGGGGATTGAAACTACTTTTCTTGAGTGCAGGAGAGGAAAGCGGAATTCCTAGTGTAGCGGTGAAATGCGTAGATATTAGGAGGAACACCAGTGGCGAAGGCGGCTTTCTGGACTGTAACTGACACTGAGGCTCGAAAGCGTGG","Bacteria","Bacillota_C","Negativicutes","Selenomonadales","Selenomonadaceae","Anaerovibrio",NA
"TACGTAGGTGGCAAGCGTTGTCCGGAATTACTGGGTGTAAAGGGAGCGTAGGCGGGAATGCAAGTTGAATGTTTAAACTATCGGCTCAACCGGTAGTCGCGTTCAAAACTGCATTTCTTGAGTGGAGTAGAGGCAGGCGGAATTCCTAGTGTAGCGGTGAAATGCGTAGATATTAGGAGGAACACCAGTGGCGAAGGCGGCCTGCTGGGCTCTAACTGACGCTGAGGCTCGAAAGCGTGG","Bacteria","Bacillota_A","Clostridia","Oscillospirales","Ruminococcaceae","Harryflintia",NA
"TACGGGGGATGCAAGCGTTATCCGGATTCATTGGGTTTAAAGGGTGCGTAGGCGGCTTGTCAAGTCAGCGGTGAAAGGCCCGGGCTCAACCCGGAAAGTGCCGTTGATACTGTCAGGCTAGAATGCGGATGCTGTGGGAGGAATGAGTGGTGTAGCGGTGAAATGCATAGATATCACTCAGAACACCGATTGCGAAGGCATCTCACAAATCCGTGATTGACGCTGAGGCACGAAAGCGTG","Bacteria","Bacteroidota","Bacteroidia","Bacteroidales","UBA932","RUG11257",NA
"TACGTAGGGGGCTAGCGTTATCCGGATTTACTGGGCGTAAAGGGTGCGTAGGTGGTTTCTTAAGTCAGGAGTGAAAGGCTACGGCTCAACCGTAGTAAGCTCTTGAAACTGGGAAACTTGAGTGCAGGAGAGGAAAGTGGAATTCCTAGTGTAGCGGTGAAATGCGTAGATATTAGGAGGAACACCAGTAGCGAAGGCGGCTTTCTGGACTGTAACTGACACTGAGGCACGAAAGCGTGG","Bacteria","Bacillota_A","Clostridia","Peptostreptococcales","Peptostreptococcaceae","Terrisporobacter","sp902363255"
"TACGTAGGGGGCGAGCGTTATCCGGATTTATTGGGCGTAAAGCGTGTGTAGGCGGTTTATTAAGTCTGAGATGAAAGACTGTGGCTTAACCACAGTTTGTTTCGGAAACTGGTAGACTAGAGTGCAGTAGAGGCAAATGGAATTCATAGTGTAGCGGTGGAATGCGTAGATATTATGAGGAACATCAGTGGCGAAGGCGATTTGCTGGGCTGTTACTGACGCTGAGACACGAAAGCGTGG","Bacteria","Bacillota_I","Bacilli_A","RF39","UBA660","CAG-1000",NA
"TACGGGGGATGCGAGCGTTATCCGGATTCATTGGGTTTAAAGGGTGCGTAGGCGGCTTTGCAAGTCAGCGGTGAAAGGCCCGGGCTTAACCCGGAAAGTGCCGTTGATACTGTAAGGCTGGAATGCGGATGCTGTGGGAGGAATGAGTGGTGTAGCGGTGAAATGCATAGATATCACTCAGAACACCGATTGCGAAGGCATCTCACAAATCCGCTATTGACGCTGAGGCACGAAAGCGTG","Bacteria","Bacteroidota","Bacteroidia","Bacteroidales","UBA932","RUG11257",NA
"TACGTAGGGGGCGAGCGTTGTCCGGAATGACTGGGCGTAAAGGGTGTGTAGGTGGTTTGATAAGTTAGATGTGTAATACCCAGGGCTTAACTCGGGTGCTGCATCTAAAACTGTTAGACTTGAGTACTGGAGAGGATAGTGGAATTCCTAGTGTAGCGGTGGAATGCGTAGATATTAGGAGGAACATCAGTGGCGAAGGCGACTATCTGGACAGCAACTGACACTGAGGCACGAAAGCGT","Bacteria","Bacillota_A","Clostridia","Christensenellales","CAG-917","CAG-475",NA
"AACGTAGGTCACAAGCGTTGTCCGGAATTACTGGGTGTAAAGGGAGCGCAGGCGGGATCGCAAGTTGGAAGTGAAATCTACGGGCTCAACCCGTAAACTGCTTTCAAAACTGCGGTTCTTGAGTAGTGCAGAGGTAGGCGGAATTCCCGGTGTAGCGGTGGAATGCGTAGATATCGGGAGGAACACCAGTGGCGAAGGCGGCCTACTGGGCACCAACTGACGCTGAGGCTCGAAAGTATG","Bacteria","Bacillota_A","Clostridia","Oscillospirales","Ruminococcaceae","Faecalibacterium",NA
"TACGTAGGTGGCAAGCGTTGTCCGGAATTATTGGGCGTAAAGGGCGCGCAGGCGGCGTCATAAGTCGGTCTTAAAAGTGCGGGGCTTAACCCCGTGAGGGGACCGAAACTGCGATGCTAGAGTATCGGAGAGGAAAGCGGAATTCCTAGTGTAGCGGTGAAATGCGTAGATATTAGGAGGAACACCAGTGGCGAAAGCGGCTTTCTGGACGATAACTGACGCTGAGGCGCGAAAGCCAGG","Bacteria","Bacillota_C","Negativicutes","Veillonellales","Megasphaeraceae","Megasphaera",NA
"TACGTAGGGAGCAAGCGTTATCCGGATTTATTGGGTGTAAAGGGTGCGTAGACGGGAAAGCAAGTTAGTTGTGAAATCCCTCGGCTTAACTGAGGAACTGCAACTAAAACTGTTTTTCTTGAGTGTTGGAGAGGAAAGTGGAATTCCTAGTGTAGCGGTGAAATGCGTAGATATTAGGAGGAACACCGGTGGCGAAGGCGACTTTCTGGACAATAACTGACGTTGAGGCACGAAAGTGTG","Bacteria","Bacillota_A","Clostridia","TANB77","CAG-508",NA,NA
"TACGTAGGTGGCAAGCGTTGTCCGGATTTACTGGGTGTAAAGGGCGTGTAGGCGGAGATTCAAGTCAGATGTGAAATCTCTGGGCTTAACCCGGAAACTGCATTTGAAACTGAATCCCTTGAGTATCGGAGAGGCAGGCGGAATTCCTAGTGTAGCGGTGAAATGCGTAGATATTAGGAGGAACACCAGTGGCGAAGGCGGCCTGCTGGACGACAACTGACGCTGAGGCGCGAAAGCGTG","Bacteria","Bacillota_A","Clostridia","UBA1212","UBA1255","UBA1255",NA
"TACGTAGGTGGCAAGCGTTGTCCGGATTTACTGGGTGTAAAGGGCGTGTAGGCGGAGGTTCAAGTCAGAAGTGAAATCTATGGGCTTAACTCATAAACTGCTTTTGAAACTGAACCCCTTGAGTATCGGAGAGGCAGGCGGAATTCCTAGTGTAGCGGTGAAATGCGTAGATATTAGGAGGAACACCAGTGGCGAAGGCGGCCTGCTGGACGACAACTGACGCTGAGGCGCGAAAGCGTG","Bacteria","Bacillota_A","Clostridia","UBA1212","UBA1255","UBA1255",NA
"TACGTAGGTTGCAAGCGTTGTCCGGATTTACTGGGTGTAAAGGGCGTGTAGGCGGAGATGCAAGTTGGGAGTGAAATCCCGGGGCTCAACCCCGGAACTGCTTTCAAAACTGTATCCCTTGAGTATCGGAGAGGCAAGCGGAATTCCTAGTGTAGCGGTGAAATGCGTAGATATTAGGAGGAACACCAGTGGCGAAGGCGGCTTGCTGGACGACAACTGACGCTGAGGCGCGAAAGCGTG","Bacteria","Bacillota_A","Clostridia",NA,NA,NA,NA
"TACATAGGGAGCAAGCGTTGTCCGGAATTACTGGGCGTAAAGGGAACGTAGGCGGTTCTGCAAGTCAGAGGTGAAATCCCGGGGCTTAACTCCGGAATTGCCTTTGAAACTGCAGGACTAGAGTGTGGGAGAGGAAGATGGAATTCCAAGTGTAGCGGTGGAATGCGTAGATATTTGGAAGAACATCAGAGGCGAAGGCGATCTTCTGGAACACAACTGACGCTTAGGTTCGAAAGCGTG","Bacteria","Bacillota_A","Clostridia","Christensenellales","UBA1242","RUG666",NA
"TACGTAGGTGGCAAGCGTTGTCCGGATTTACTGGGTGTAAAGGGCGTGTAGCCGGGTGTGTAAGTCAGATGTGAAATCCGCGGGCTCAACCCGCGAACTGCATTTGAAACTGCGCATCTTGAGTATCGGAGAGGTAATCGGAATTCCTTGTGTAGCGGTGAAATGCGTAGATATAAGGAAGAACACCAGTGGCGAAGGCGGATTACTGGACGACAACTGACGGTGAGGCGCGAAAGCGTG","Bacteria","Bacillota_A","Clostridia","Oscillospirales","Oscillospiraceae","Oscillibacter",NA
"TACGGAGGATCCGAGCGTTATCCGGATTTATTGGGTTTAAAGGGTGCGCAGGCGGCCTGTTAAGTCAGCGGTGAAATCTCGGGGCTCAACCCCGGAACTGCCGTTGATACTGGTAGGCTTGAGTGCGGATAAGGATGGCGGAATGTGTCATGTAGCGGTGAAATGCTTAGATATGCCACAGAACACCGATTGCGAAGGCAGCTGTCCGGGCCGTGACTGACGCTGAGGCACGAAAGCGTG","Bacteria","Bacteroidota","Bacteroidia",NA,NA,NA,NA
"TACGTAGGTGGCGAGCGTTATCCGGATTTACTGGGTGTAAAGGGTGTGTAGGCGGGATTGCAAGTCGGATGTGAAAACTATGGGCTCAACTCATAGCCTGCATTCGAAACTGTAGTTCTTGAGGGTCGGAGAGGTAACTGGAATTCCCGGTGTAGCGGTGAAATGCGTAGATATCGGGAGGAACACCAGTGGCGAAGGCGAGTTACTGGACGATACCTGACGCTGAGACACGAAAGTGTG","Bacteria","Bacillota_A","Clostridia","Oscillospirales","CAG-272",NA,NA
"TACGGAGGATGCGAGCGTTATCCGGATTTATTGGGTTTAAAGGGTGCGCAGGCGGCGGATCAAGTCAGCGGTCAAACTTCGGGGCTCAACCCCGTTTTGCCGTTGAAACTGATCGGCTGGAGTCTGTTCGAGGGACGCGGAATGCGAGGTGTAGCGGTGAAATGCATAGATATCACGCAGAACTCCGATTGCGAAGGCAGCGTCCCGGGGCGGCACTGACGCTGAGGCACGAAAGTGTGG","Bacteria","Bacteroidota","Bacteroidia","Bacteroidales","Muribaculaceae",NA,NA
"TACGTAGGGGGCAAGCGTTATCCGGATTTACTGGGTGTAAAGGGAGCGCAGGCGGCCTTGCAAGTCTGATGTGAAAGCCCGGGGCTCAACCCCGGGACTGCATTGGAAACTGTAGGGCTTGAGTGTCGGAGGGGCAAGTGGAATTCCTAGTGTAGCGGTGAAATGCGTAGATATTAGGAGGAACACCAGTGGCGAAGGCGGCTTGCTGGACGACAACTGACGCTGAGGCTCGAAAGCGTG","Bacteria","Bacillota_A","Clostridia","Lachnospirales","Lachnospiraceae","Roseburia_D",NA
"TACGGAAGGTCCGGGCGTTATCCGGATTTATTGGGTTTAAAGGGAGCGTAGGCGGGTTTTTAAGTCAGTTGTGAAAGTCTGCGGCTCAACCGTAGAATTGCAGTTGAAACTGGAAGCCTTGAGTGCACGCAGGGGTGCCGGAATTCATGGTGTAGCGGTGAAATGCTTAGATATCATGAAGAACTCCGAAAGCGAAGGCAAGTGCCCGGAGTGCAACTGACGCTGAGGCTCGAAAGTGCG","Bacteria","Bacteroidota","Bacteroidia","Bacteroidales","Bacteroidaceae",NA,NA
"TACGTAGGGAGCGAGCGTTATCCGAATTTATTGGGTGTAAAGCGTGTGTAGGCGGTTTATTAAGTCCAAGGTTTAATTCCGAAGCTTAACTTCGGTTCGCCTTGGAAACTGGTTTACTTGAGTATGGTAGAGGCAAGTGGAATTTCTAGTGTAGCGGTAAAATGCTTAGATATTAGAAGGAACACCAGTGGCGAAGGCGACTTGCTGGGCCATCACTGACGCTGAGGCACGAAAGCGTGG","Bacteria","Bacillota_I","Bacilli_A","RF39","UBA660","RUG591",NA
"TACATAGGGGGCAAGCGTTATCCGGAATTATTGGGCGTAAAGCGTGCGTAGGCGGTTTATTAAGTCTGATGTTAAATTCCACAGCTTAACTGTGGCATGTCATTGGAAACTGGTAAACTTGAGTACAGTAGGGGTAAGCGGAATTCCAAGTGGAGCGGTGGAATGCGTAGATATTTGGAGGAACACCAGTGGCGAAGGCGACTTACTGGGCTGGGACTGACGCTGAGGCACGAAAGCGTG","Bacteria","Bacillota_I","Bacilli_A","ML615J-28","CAG-698","Tener-01",NA
"TACGTAGGGAGCAAGCGTTATCCGGATTTATTGGGTGTAAAGGGTGCGTAGACGGAGAGGCAAGTTAGTTGTGAAATCCCTCGGCTTAACTGAGGAACTGCAACTAAAACTACTTCCCTTGAGTGCTGGAGAGGAAAGTGGAATTCCTAGTGTAGCGGTGAAATGCGTAGATATTAGGAGGAACACCAGTGGCGAAGGCGACTTTCTGGACAGTAACTGACGTTGAGGCACGAAAGTGTG","Bacteria","Bacillota_A","Clostridia","TANB77","CAG-508","Scatovivens",NA
"TACGTAGGTGGCGAGCGTTGTCCGGAATTACTGGGTGTAAAGGGAGTGTAGGCGGGAAGGCAAGTCAGAAGTGAAAATTATGGGCTTAACCCATAACCTGCTTTTGAAACTGTTTTTCTTGAGTGAGGCAGAGGCAAGCGGAATTCCTAGTGTAGCGGTGAAATGCGTAGATATTAGGAGGAACACCAGTGGCGAAGGCGGCTTGCTGGGCCTTTACTGACGCTGAGGCTCGAAAGCGTG","Bacteria","Bacillota_A","Clostridia","Oscillospirales","Ruminococcaceae","CAG-115","sp934466475"
"TACGGAAGGTCCAGGCGTTATCCGGATTTATTGGGTTTAAAGGGAGCGTAGGCCGTCTTTTAAGCGTGTTGTGAAATGCCGCGGCTCAACCGTGGCACTGCAGCGCGAACTGGAGGACTTGAGTGCGCAGGAGGTAGGCGGAATTCGTGGTGTAGCGGTGAAATGCTCAGATATCATGAAGAACTCCGATCGCGAAGGCAGATGCCCGGAGCGCAACTGACGCTGAGGCTCGAAAGTGCG","Bacteria","Bacteroidota","Bacteroidia","Bacteroidales","Bacteroidaceae","Prevotella",NA
"TACGGAGGATGCGAGCGTTATCCGGATTTATTGGGTTTAAAGGGTGCGTAGGCGGTTTGTCAAGTCAGCGGTCAAACTGCGGGGCTTAACCCCGTATTGCCGTTGAAACTGGCTGACTAGCGTGGCGTCGAGGTGTGCGGAATGCGTTGTGTAGCGGTGAAATGCATAGATATGACGCAGAACTCCGATTGCGAAGGCAGCACACCGGGCGCCTACGGACGCTGAGGCACGAAAGCGTGG","Bacteria","Bacteroidota","Bacteroidia","Bacteroidales","Muribaculaceae","Limisoma",NA
"TACGGAAGGTCCGGGCGTTATCCGGATTTATTGGGTTTAAAGGGAGCGTAGGCCGAAGGTTAAGCGTGTTGTGAAATGTAGTCGCTCAACGGGTGCACTGCAGCGCGAACTGGCTTTCTTGAGTGCGCGGAAAGTTGGCGGAATTCGTTGTGTAGCGGTGAAATGCTTAGATATGACGAAGAACTCCGATTGCGAAGGCAGCTGACTGTAGCGTAACTGACGCTGATGCTCGAAAGCGTG","Bacteria","Bacteroidota","Bacteroidia","Bacteroidales","Bacteroidaceae","Prevotella",NA
"TACGTAGGTGGCGAGCGTTGTCCGGATTTACTGGGTGTAAAGGGCGTGTAGGCGGGATTACAAGTCAGATGTGAAATACCGGGGCTTAACTCCGGGGCTGCATTTGAAACTGTAGTTCTTGAGTGCCGGAGAGGAAAGCGGAATTCCTAGTGTAGCGGTGAAATGCGTAGATATTAGGAGGAACACCAGTGGCGAAGGCGGCTTTCTGGACGGTAACTGACGCTGAGGCGCGAAAGCGTG","Bacteria","Bacillota_A","Clostridia","Monoglobales","Monoglobaceae","Monoglobus",NA
"TACGTAGGGGGCAAGCGTTATCCGGATTTACTGGGTGTAAAGGGAGCGTAGACGGCATGGCAAGTCTGAAGTGAAAGCCCGCGGCTCAACTGCGGGACTGCTTTGGAAACTGTGGTGCTTGAGTGCAGGAGAGGTAAGTGGAATTCCTAGTGTAGCGGTGAAATGCGTAGATATTAGGAGGAACACCAGTGGCGAAGGCGGCTTACTGGACTGTAACTGACGTTGAGGCTCGAAAGCGTG","Bacteria","Bacillota_A","Clostridia","Lachnospirales","Lachnospiraceae",NA,NA
"TACGAAGGTTACGAGCGTTATCCGGAATTATTGGGCGTAAAGAGTGAGCAGGCGGTTTATTAAGTTTGAAGTCAAATGGATAGGCTCAACCTATTCTCGCTTCAAAAACTGATAGACTAGAGTATGTGAGAGGTAAGTAGAACTCCATGTGTAGCGGTGAAATGCATAGATATATGGAAGAATACCAGTGGCGAAGGCGGCTTACCAGCACAAGACTGACGCTCAGTCACGAAAGCGTGG","Bacteria","Bacillota_I","Bacilli_A","RFN20","CAG-826","Onthovivens",NA
"TACGTAGGGGGCGAGCGTTGTCCGGAATTACTGGGCGTAAAGGGAGCGTAGGCGGTCTGATAAGTTGGATGTGAAATACCCGGGCTTAACTTGGGGGGTGCATCCAATACTGTTGGACTAGAGTACAGGAGAGGAAAGCGGAATTCCTAGTGTAGCGGTGAAATGCATAGATATTAGGAGGAACATCGGTGGCGAAGGCGGCTTTCTGGACTGCAACTGACGCTGAGGCTCGAAAGCGTG","Bacteria","Bacillota_A","Clostridia","Christensenellales","CAG-138",NA,NA
"TACGTAGGGAGCGAGCGTTATCCGGATTTATTGGGTGTAAAGGGTGCGTAGACGGGATAATAAGTTAGTTGTGAAATCCCTCGGCTTAACTGAGGAACTGCAACTAAAACTGTTATTCTTGAGTACTGGAGAGGAAAGTGGAATTCCTAGTGTAGCGGTGAAATGCGTAGATATTAGGAGGAACACCAGTGGCGAAGGCGACTTTCTGGACAGAAACTGACGTTGAAGCACGAAAGTGTG","Bacteria","Bacillota_A","Clostridia","TANB77","CAG-508","Scatovivens",NA
"TACGTAGGTGGCAAGCGTTGTCCGGATTTACTGGGTGTAAAGGGCGTGTAGCCGGGCAGACAAGTCAGATGTGAAATCTGGAGGCTTAACCTCCAAACTGCATTTGAAACTGCCTGTCTTGAGTGTCGGAGAGGTAATCGGAATTCCTAGTGTAGCGGTGAAATGCGTAGATATTAGGAAGAACACCGGTGGCGAAGGCGGATTACTGGACGATAACTGACGGTGAGGCGCGAAAGCGTG","Bacteria","Bacillota_A","Clostridia","Oscillospirales","Oscillospiraceae","Dysosmobacter",NA
"TACGGAGGGTGCAAGCGTTAATCGGAATCACTGGGCGTAAAGCGCACGTAGGCTGTCGTGTAAGTCAGGGGTGAAAGCCCACGGCTCAACCGTGGAATTGCCCTTGATACTGCATGACTGGAATCCGGGAGAGGGTAGTGGAATTCCAGGTGTAGGAGTGAAATCCGTAGATATCTGGAGGAACATCAGTGGCGAAGGCGACTACCTGGACCGGTATTGACGCTGAGGTGCGAAAGCGTG","Bacteria","Desulfobacterota","Desulfovibrionia","Desulfovibrionales","Desulfovibrionaceae","Desulfovibrio",NA
"TACGTAGGGGGCAAGCGTTGTCCGGAATGACTGGGCGTAAAGGGAGTGTAGGCGGCATAGCAAGTTAGATGTGAAAGCCCGCAGCTTAACTGCGGAACTGCATCTAAAACTGCTGAGCTTGAGTGCAGGAGAGGTAAGTGGAATTCCTAGTGTAGCGGTGGAATGCGTAGATATTAGGAGGAACATCAGAGGCGAAGGCGACTTACTGGACTGTAACTGACGCTGAGGCTCGAAAGCGTG","Bacteria","Bacillota_A","Clostridia","Christensenellales","Pumilibacteraceae","Pumilibacter",NA
"TACGGAAGGTCCGGGCGTTATCCGGATTTATTGGGTTTAAAGGGAGCGTAGGCCGTCTGGTAAGCGTGTTGTGAAATGTACCGGCTCAACCGGTGATGTGCAGCGCGAACTGTCGGACTTGAGTGCGCGCAACGCAGGCGGAATTTGTGGTGTAGCGGTGAAATGCTTAGATATCACGAAGAACTCCGATTGCGAAGGCAGCTTGCGGGAGCGCAACTGACGCTGAAGCTCGAAAGTGCG","Bacteria","Bacteroidota","Bacteroidia","Bacteroidales","Bacteroidaceae","Prevotella",NA
"TACGTAGGTTGCAAGCGTTGTCCGGATTTACTGGGTGTAAAGGGCGTGTAGGCGGAGCTGCAAGTCAGATGTGAAATCCTGGGGCTTAACCCCGGAACTGCATTTGAAACTGTAGCCCTTGAGTATCGGAGAGGCAAGCGGAATTCCTAGTGTAGCGGTGAAATGCGTAGATATTAGGAGGAACACCAGTGGCGAAGGCGGCTTGCTGGACGACAACTGACGCTGAGGCGCGAAAGCGTG","Bacteria","Bacillota_A","Clostridia",NA,NA,NA,NA
"TACGTAGGGAGCGAGCGTTATCCGGATTTATTGGGTGTAAAGGGTGCGTAGACGGGAATTTAAGTTAGTTGTGAAATCCCTCGGCTCAACTGAGGAACTGCAACTAAAACTGAATTTCTTGAGTGCTGGAGAGGAAAGCGGAATTCCTAGTGTAGCGGTGAAATGCGTAGATATTAGGAGGAACACCAGTGGCGAAGGCGGCTTTCTGGACAGTAACTGACGTTGAGGCACGAAAGTGTG","Bacteria","Bacillota_A","Clostridia","TANB77","CAG-508","Scatovivens",NA
"TACGGGGGATGCGAGCGTTATCCGGATTTATTGGGTTTAAAGGGTGCGTAGGCGGCCTGTTAAGTCAGCGGTGAAATGTCCTCGCTCAACGAGGAAAGTGCCGTTGATACTGGTGGGCTTGAATGCGGATGCCGTTGGAGGAATGTGTGGTGTAGCGGTGAAATGCATAGATATCACACAGAACACCGATTGCGAAGGCATCTGACGAATCCGCGATTGACGCTGATGCACGAAAGCGTG","Bacteria","Bacteroidota","Bacteroidia","Bacteroidales","UBA932","RUG11257",NA
"TACGTAGGTGGCAAGCGTTGTCCGGAATTACTGGGTGTAAAGGGAGTGTAGGCGGGATTTTAAGTCAGAAGTGAAAATTACGGGCTCAACTCGTAACCTGCTTTTGAAACTGAAATTCTTGAGTGAAGTAGAGGCAAGCGGAATTCCTAGTGTAGCGGTGAAATGCGTAGATATTAGGAGGAACACCAGTGGCGAAGGCGGCTTGCTGGGCTTTTACTGACGCTGAGGCTCGAAAGCGTG","Bacteria","Bacillota_A","Clostridia","Oscillospirales","Ruminococcaceae","Ruminiclostridium_E",NA
"TACGTAGGTGGCAAGCGTTATCCGGATTTACTGGGTGTAAAGGGCGTGTAGGCGGGAAGGCAAGTCAGGCGTGAAAACTCGGGGCTCAACCCCGAGCCTGCGTTTGAAACTGTTTTTCTTGAGTGATGGAGAGGCAGGCGGAATTCCGTGTGTAGCGGTGAAATGCGTAGATATACGGAGGAACACCAGTGGCGAAGGCGGCCTGCTGGACATTAACTGACGCTGAGGCGCGAAAGCGTG","Bacteria","Bacillota_A","Clostridia","Oscillospirales","Oscillospiraceae","Intestinimonas",NA
"TACGTAGGGAGCAAGCGTTATCCGGATTTATTGGGTGTAAAGGGTGCGTAGACGGGAAATTAAGTTAGTTGTGAAATCCCTCGGCTTAACTGAGGAACTGCAACTAAAACTGGTTTTCTTGAGTGCGGGAGAGGAAAGTGGAATTCCTAGTGTAGCGGTGAAATGCGTAGATATTAGGAGGAACACCAGTGGCGAAGGCGGCTTTCTGGACTGTAACTGACGCTGAGGCTCGAAAGCCAG","Bacteria","Bacillota_A","Clostridia","TANB77","CAG-508","CAKPQL01",NA
"TACGTAGGTGGCAAGCGTTATCCGGATTTACTGGGTGTAAAGGGTGAGTAGGCGGGGAAGCAAGTCAGATGTGAAATACAAAGGCTTAACCTTTGAACTGCATTTGAAACTGTTTTTCTTGAGAGTCGGAGAGGTAATCGGAATTCCCAGTGTAGCGGTGAAATGCGTAGAGATTGGGAGGAACACCAGTGGCGAAGGCGGATTACTGGACGACAACTGACGCTGATACACGAAAGCGTG","Bacteria","Bacillota_A","Clostridia","Oscillospirales","CAG-382",NA,NA
"GACGAACTGTTCGAACGTTATTCGGAATCACTGGGCTTAAAGGGCATGTAGGTTGTATACTAAGCGGGGTCTGAAATCCCACGGCTCAACCGTGGAACTGGGCTTCGAACTGGTAAACTAGAGTGAAGTAGAGGTAAGCGGAACTTGGGGTGAAGTAGTGAAATGCATAGATATCCCAGGGAACACCGGTGGCGAAAGCGGCTTACTTGGCTTCAACTGACACTCAAGTGCGAAAGCTAG","Bacteria","Planctomycetota","Planctomycetia","Pirellulales",NA,NA,NA
"TACGTAGGTGGCGAGCGTTATCCGGAATTACTGGGTGTAAAGGGTGTGTAGGCGGGAGAGCAAGTCAGATGTGAAAATTATGGGCTCAACTCATAACCTGCGTCTGAAACTGTTTTTCTTGAGAGTGGGAGAGGTAAACGGAATTCCCGGTGTAGCGGTGAAATGCGTAGATATCGGGAGGAACACCAGTGGCGAAGGCGGTTTACTGGACCATTACTGACGCTGAGACACGAAAGCGTG","Bacteria","Bacillota_A","Clostridia","Oscillospirales",NA,NA,NA
"TACGGAAGGTCCAGGCGTTATCCGGATTTATTGGGTTTAAAGGGAGCGTAGGCGGAGAGATAAGTCAGCTGTGAAATCCGGCGGCTCAACCGTCGGCCTGCAGTTGATACTGGTGGTCTTGAGTGCGCGCAGGGGCGTTGGAATTCATGGTGTAGCGGTGAAATGCGTAGATATTAGGAGGAACACCAGTGGCGAAGGCGGCTTGCTGGACGACAACTGACGCTGAGGCTCGAAAGCGTG","Bacteria","Bacteroidota","Bacteroidia","Bacteroidales","Bacteroidaceae",NA,NA
"TACGTAGGGGGCAAGCGTTATCCGGAATTACTGGGTGTAAAGGGAGCGTAGGCGGCATGGTAAGTAAGATGTGAAAGCCCGCAGCTTAACTGCGAGGATTGCATTTTAAACTATCAAGCTAGAGTACAGGAGAGGAAAGCGGAATTCCTAGTGTAGCGGTGAAATGCGTAGATATTAGGAAGAACACCAGTGGCGAAGGCGGCTTTCTGGACTGAAACTGACGCTGAGGCTCGAAAGCGT","Bacteria","Bacillota_A","Clostridia","Lachnospirales","Anaerotignaceae","Anaerotignum",NA
"TACGTAGGTAGCGAGCGTTATCCGGAATTATTGGGCGTAAAGGGTGCGTAGGCGGCCATTTAAGTTCATGGTGAAAGCGTGGGGCTCAACCCCATAAAGCCATGGATACTGGATGGCTGGAGTACTGGAGAGGGTAGTGGAATTCCATGTGTAGCGGTAAAATGCGTAGATATATGGAGGAACACCGGTGGCGAAGGCGGCTACCTGGACAGAGACTGACGCTGAGGCACGAAAGCGTGG","Bacteria","Bacillota","Bacilli","Bacillales_A","Planococcaceae","Caryophanon",NA
"TACGGAAGATGCGAGCGTTATCCGGATTTATTGGGTTTAAAGGGAGCGTAGGCGGAGAGACAAGTCAGTTGTGAAAGTTTGCGGCTCAACCGTAAAATTGCAGTTGAAACTGTTTTTCTTGAGTGCACATGAGGGTGGTGGAATTCGTAGTGTAGCGGTGAAATGCTTAGATATTACGAAGAACTCCGATTGCGAAGGCAGCTGCCTGGGGTGCAACTGACGCTGAGGCTCGAAAGTGTG","Bacteria","Bacteroidota","Bacteroidia","Bacteroidales","Bacteroidaceae",NA,NA
"TACGTAGGGGGCGAGCGTTATCCGGATTTATTGGGCGTAAAGCGTGTGTAGGCGGTTTATTAAGTATAAGATTAAAGCCTGGAGCTTAACTCCAGTTCGTCTTATAAACTGGTAGACTTGAGTACGGTAGAGGCAAATGGAATTTCTAGTGTAGCGGTAAAATGCGTAGATATTAGAAGGAACACCAGTGGCGAAGGCGATTTGCTGGGCCGTTACTGACGCTGAGACACGAAAGCGTGG","Bacteria","Bacillota_I","Bacilli_A","RF39","UBA660",NA,NA
"TACGGAAGATGCGAGCGTTATCCGGATTTATTGGGTTTAAAGGGAGCGTAGGCGGGATGTTAAGTCAGTTGTGAAAGTTTGCGGCTCAACCGTAAAATTGCAGTTGATACTGGCGTCCTTGAGTGCGGCAGAGGAAGGCGGAATTCGTGGTGTAGCGGTGAAATGCTTAGATATCACGAAGAACTCCGATTGCGAAGGCAGCTTTCTGGACCGTAACTGACGCTGATGCTCGAAAGTGCG","Bacteria","Bacteroidota","Bacteroidia","Bacteroidales","Bacteroidaceae","Bacteroides",NA
"TACGTAGGTCACGAGCGTTATCCGGAATTATTGGGCGTAAAGAGTGAGCAGGCGGCTCGCTAAGTCCGAGGTGAAAGCGTGGGGCTCAACCCCATACAGCCTTGGAAACTGGCGGGCTAGAGTGCGCGAGAGGTCAACGGAACTCCATGTGTAGCGGTGAAATGCGTAGATATATGGAAGAACACCGGTGGCGAAGGCGGTTGGCCAGCGCTGCACTGACGCTCAGTCACGAAAGCGTGG","Bacteria","Bacillota_I","Bacilli_A","RFN20","CAG-826","Enteromonas",NA
"TACGGAAGGTCCGGGCGTTATCCGGATTCATTGGGTTTAAAGGGAGCGCAGGCCGCCCCTTAAGCGTGTTGTGAAATGCCGCGGCTCAACCGTGGCACTGCAGCGCGAACTGGGGGGCTTGAGTGCGCGCAGCGCAGGCGGAACTCGTGGTGTAGCGGTGAAATGCTTAGATATCACGAAGAACTCCGATCGCGAAGGCAGCCTGCGGGAGCGCAACTGACGCTGAGGCTCGAAAGTGCG","Bacteria","Bacteroidota","Bacteroidia","Bacteroidales","Bacteroidaceae","Prevotella",NA
"TACGTAGGTGGCAAGCGTTGTCCGGAATTACTGGGTGTAAAGGGAGAGTAGGCGGGGCTGCAAGTCTGTTGTTAAATCCATCGGCTCAACCGGTGGCTGCGGCAGAAACTGTAGTTCTTGAGTGAAGTAGAGGCAGGCGGAATTCCTAGTGTAGCGGTGAAATGCGTAGATATTAGGAGGAACACCAGTGGCGAAGGCGGCCTGCTGGGCTTTAACTGACGCTGAGGCTCGAAAGTGTGG","Bacteria","Bacillota_A","Clostridia","Oscillospirales","Ruminococcaceae",NA,NA
"TACGTAGGGGGCAAGCGTTATCCGGATTTACTGGGTGTAAAGGGAGCGTAGACGGCGACGCAAGTCTGAAGTGAAATACCCGGGCTCAACCTGGGAACTGCTTTGGAAACTGTGTTGCTGGAGTGCTGGAGAGGTAAGCGGAATTCCTAGTGTAGCGGTGAAATGCGTAGATATTAGGAAGAACACCAGTGGCGAAGGCGGCTTACTGGACAGTAACTGACGTTGAGGCTCGAAAGCGTG","Bacteria","Bacillota_A","Clostridia","Lachnospirales","Lachnospiraceae","Alitiscatomonas",NA
"TACGGAAGGGGCAAGCGTTATCCGGATTTACTGGGTGTAAAGGGAGCGCAGGCGGTCTTGCAAGTCTGATGTGAAAGCCCGGGGCTCAACCCCGGGACTGCATTGGAAACTGTGAGACTTGAGTGTCGGAGGGGCAAGTGGAATTCCTAGTGTAGCGGTGAAATGCTTAGATATCACGAGGAACTCCGATTGCGAAGGCAGCTCACTGGAGCGCAACTGACGCTGAAGCTCGAAAGTGCG","Bacteria","Bacillota_A","Clostridia","Lachnospirales","Lachnospiraceae",NA,NA
"TACGGGGGATGCAAGCGTTATCCGGATTCATTGGGTTTAAAGGGTGCGTAGGCGGCTTGGCAAGTCAGCGGTGAAAGGCCCGGGCTCAACCCGGAAAGTGCCGTTGATACTGTTAGGCTAGAATGCGGATGCTGTGGGAGGAATGAGTGGTGTAGCGGTGAAATGCATAGATATCACTCAGAACACCGATTGCGAAGGCATCTCACAAATCCGTGATTGACGCTGAGGCACGAAAGCGTG","Bacteria","Bacteroidota","Bacteroidia","Bacteroidales","UBA932","RUG11257",NA
"TACGTAGGGAGCGAGCGTTATCCGGATTTACTGGGTGTAAAGGGCGAGTAGGCGGGCTGGTAAGTTGGAAGTGAAATGTCGGGGCTTAACCCCGGAACTGCTTTCAAAACTGCTGGTCTTGAGTGATGGAGAGGCAGGCGGAATTCCTAGTGTAGCGGTGAAATGCGTAGATATTAGGAGGAACACCAGTGGCGAAGGCGGCCTGCTGGACATTAACTGACGCTGAGGAGCGAAAGCGTG","Bacteria","Bacillota_A","Clostridia","Oscillospirales","Butyricicoccaceae","Butyricicoccus_A","porcorum"
"TACGTAGGTGGCGAGCGTTATCCGGAATTATTGGGCGTAAAGGGTGCGTAGGCGGCCTTTTAAGTTTGTGGTGAAAGCGTGGGGCTCAACCCCATACAGCCATAGATACTGGGAGGCTAGAGTACTGGAGAGGGTAGTGGAATTCCATGTGTAGCGGTAAAATGCGTAGATATATGGAGGAACACCGGTGGCGAAGGCGGCTACCTAGCCAGAGACTGACGCTGAGGCACGAAAGCGTGG","Bacteria","Bacillota_I","Bacilli_A","Erysipelotrichales","Erysipelotrichaceae","Bulleidia",NA
"AACGTAGGGTGCTAGCGTTGTCCGGAATTACTGGGTGTAAAGGGAGCGCAGGTGGCAGTGCAAGTTGGATGTAAAATCTACGGGCTCAACCCGTATAAGCATTCAAAACTGTGCAGCTTGAGTGAAGTAGAGGTAGGTGGAATTTCCGGTGTAGCGGTGGAATGCGTAGATATCGGAAGGAACATCAGTGGCGAAGGCGACCTACTGGGCTTTAACTGACGCTGAGGCTCGAAAGCATGG","Bacteria","Bacillota_A","Clostridia","Oscillospirales",NA,NA,NA
"TACGTAGGGGGCAAGCGTTATCCGGATTTACTGGGTGTAAAGGGCGTGTAGGCGGGATTTCAAGTCAGATGTGAAAACCGAAGGCTCAACCTTCGGCCTGCATTTGAAACTGAAGTTCTTGAGTGCTGGAGAGGCTAACGGAATTCCTAGTGTAGCGGTGAAATGCGTAGATATTAGGAAGAACACCAGTGGCGAAGGCGGTTAGCTGGACAGTAACTGACGCTGAGGCGCGAAAGCGTG","Bacteria","Bacillota_A","Clostridia","Oscillospirales","Oscillospiraceae",NA,NA
"CACGTAAGTTGCGAGCGTTGTTCGGAATTATTGGGCGTAAAGGGCATCTAGGCGGTATCTCAAGCTTGGTGTGAAATGCCGGGGCTTAACTCCGGAACTGCATTGAGAACTAAGATACTGGAGTCGCTGAAGTGCAGCCAGAATTCCTGGTGTAGGGGTGAAATCTGTAGATATCAGGAAGAATACCAATGGCGAAGGCAGGCTGCAGGCAGACGACTGACGCTGAAGTGCGAAGGTGCG","Bacteria","Spirochaetota","Spirochaetia","Treponematales","Treponemataceae","Treponema_D",NA
"TACGGAGGATGCAAGCGTTATCCGGATTTATTGGGTTTAAAGGGTGCGTAGGCTGTGCTGCAAGTCGGAGGTGAAATATCCTGGCTCAACCGGGAGGGTGCCTTCGATACTGCAGTGCTGGAATACTGTTGCCGCGGGAGGAATGAGTAGTGTAGCGGTGAAATGCATAGATATTACTCAGAACACCGATTGCGAAGGCATCTCGCGAAGCAGTTATTGACGCTGAGGCACGAAAGCGTG","Bacteria","Bacteroidota","Bacteroidia","Bacteroidales",NA,NA,NA
"TACGTAGGGGGCAAGCGTTATCCGGATTTACTGGGTGTAAAGGGAGCGTAGACGGCATGGCAAGTCTGAAGTGAAAGGCCAGGGCTCAACCCTGGGACTGCTTTGGAAACTGTCAGGCTGGAGTGCAGGAGAGGTAAGTGGAATTCCTAGTGTAGCGGTGAAATGCGTAGATATTAGGAGGAACACCAGTGGCGAAGGCGGCTTACTGGACTGTAACTGACGTTGAGGCTCGAAAGCGTG","Bacteria","Bacillota_A","Clostridia","Lachnospirales","Lachnospiraceae",NA,NA
"TACGAAGGGGGCGAGCGTTGTTCGGAATTACTGGGCGTAAAGGGTGTGTAGGCGGCATAATAAGATAGCGGTGAAATACCTGGGCTTAACCTAGGAACTGCCGTTGTTACTATTAAGCTAGAGTGATAGAGAGGATATTGGAATACCCAGTGTAGAGGTGAAATTCGTAGATATTGGGTAGAACACCAGTGGCGAAGGCGAGTATCTGGCTATTAACTGACGCTGAGGCACGAAAGCATG","Bacteria","Pseudomonadota","Alphaproteobacteria","RF32","CAG-239",NA,NA
"TACGTAGGGGGCAAGCGTTATCCGGATTTACTGGGTGTAAAGGGAGCGCAGGCGGTGCGGCAAGTCAGATGTGAAAACCCGGGGCTCAACCCCGGGACTGCATTTGAAACTGTCGGACTAGAGTGTCGGAGAGGTAAGTGGAATTCCTAGTGTAGCGGTGAAATGCGTAGATATTAGGAGGAACACCAGTGGCGAAGGCGGCTTACTGGACGATAACTGACGCTGAGGCTCGAAAGCGTG","Bacteria","Bacillota_A","Clostridia","Lachnospirales","Lachnospiraceae","Butyribacter",NA
"CACGTAAGTTGCGAGCGTTGTTCGGAATTATTGGGCGTAAAGGGCATGTAGGCGGTTTTGCAAGCTTGATGTGAAAGGCAGGAGCTTAACTCCTGGACTGCGTTGGGAACTGCATGACTGGAGTCACTGAGGGGCAATCAGAATTCCTGGTGTAGGGGTGAAATGCGTAGATATTAGGAGGAACACCAGTGGCGAAGGCGGCTTTCTGGACTGTAACTGACGCTGAGGCTCGAAAGCCAG","Bacteria",NA,NA,NA,NA,NA,NA
"TACGGAGGGTGCGAGCGTTGTCCGGAATCATTGGGCGTAAAGAGTTCGTAGGTGGCCTGTTAAGTCTGGTGTTAAATGCAGATGCTCAACATCTGTTCGGCACTGGATACTGGCAAGCTTGAATGCGGTAGAGGTAAAGGGAATTCCTGGTGTAGCGGTGAAATGCGTAGATATCAGGAGGAACATCGGTGGCGTAAGCGCTTTACTGGGCCGTAATTGACACTGAGGAACGAAAGCCAG","Bacteria","Cyanobacteriota","Vampirovibrionia","Gastranaerophilales","Gastranaerophilaceae","Stercorousia","sp001765415"
"TACGTATGGAGCAAGCGTTATCCGGATTTACTGGGTGTAAAGGGAGTGTAGGTGGCCATGCAAGTCAGAAGTGAAAATCCGGGGCTCAACCCCGGAACTGCTTTTGAAACTGTAAGGCTAGAGTGCAGGAGGGGTGAGTGGAATTCCTAGTGTAGCGGTGAAATGCGTAGATATTAGGAGGAACACCAGTGGCGAAGGCGGCTCACTGGACTGTAACTGACACTGAGGCTCGAAAGCGTG","Bacteria","Bacillota_A","Clostridia","Lachnospirales","Lachnospiraceae","Lachnospira","sp003451515"
"TACGTAGGGGGCAAGCGTTATCCGGATTTACTGGGTGTAAAGGGAGCGTAGACGGTTGTGTAAGTCTGATGTGAAAACCCGGGGCTCAACCTCGGGACTGCATTGGAAACTATATAACTAGAGTGTCGGAGAGGTAAGTGGAATTCCTAGTGTAGCGGTGAAATGCGTAGATATTAGGAGGAACACCAGTGGCGAAGGCGGCTTACTGGACGATGACTGACGTTGAGGCTCGAAAGCGTG","Bacteria","Bacillota_A","Clostridia","Lachnospirales","Lachnospiraceae","Muricomes",NA
"TACGTAGGTGGCAAGCGTTATCCGGATTTACTGGGTGTAAAGGGTGTGTAGGCGGGACGACAAGTCAGATGTGAAACTCATGGGCTCAACCCATGACCTGCATTTGAAACTGCCGTTCTTGAGAGTCGGAGAGGTAAATGGAATTCCCGGTGTAGCGGTGAAATGCGTAGATATCGGGAGGAACACCAGTGGCGAAGGCGATTTACTGGACGACCACTGACGCTGAGACACGAAAGCGTG","Bacteria","Bacillota_A","Clostridia","Oscillospirales","CAG-272",NA,NA
"TACGTAGGGAGCGAGCGTTATCCGGATTTATTGGGTGTAAAGGGCGCGTAGACGGTATAACAAGTTGGTTGTGAAATCCCGAGGCTCAACTTCGGAACTGCAACCAAAACTGTTTAACTTGAGTATGGGAGAGGAAAGCGGAATTCCTAGTGGAGCGGTGAAATGCGTAGATATTAGGAGGAACACCAGTGGCGAAGGCGGCTTTCTGGACCATAACTGACGTTGAGGCGCGAAAGTGTG","Bacteria","Bacillota_A","Clostridia","TANB77",NA,NA,NA
"TACGTAGGTGGCAAGCGTTGTCCGGATTTACTGGGTGTAAAGGGCGTGTAGGCGGGAAGATAAGTCAGGCGTGAAAACCAGAGGCTCAACCTCTGGCCTGCGTTTGAAACTGTTTTTCTTGAGTACTGGAGAGGTTGGCGGAATTCCTAGTGTAGCGGTGAAATGCGTAGATATTAGGAGGAACACCAGTGGCGAAGGCGGCCAACTGGACAGCAACTGACGCTGAGGCGCGAAAGCGTG","Bacteria","Bacillota_A","Clostridia","Oscillospirales","Oscillospiraceae","Pseudoscilispira",NA
"TACGTATGGTGCAAGCGTTATCCGGATTTACTGGGTGTAAAGGGTGCGTAGGTGGTATGGCAAGTCAGAAGTGAAAACACGGGGCTCAACCCCGTGACTGCTTTTGAAACTGTCAGACTAGAGTACAGGAGAGGCAAGCGGAATTCCTAGTGTAGCGGTGAAATGCGTAGATATTAGGAGGAACACCAGTGGCGAAGGCGGCTTGCTGGACTGTTACTGACACTGAGGCACGAAAGCGTG","Bacteria","Bacillota_A","Clostridia","Lachnospirales","Lachnospiraceae",NA,NA
"TACGTAGGGAGCAAGCGTTATCCGGATTTATTGGGTGTAAAGGGTGCGTAGACGGGAAATTAAGTTAGTTGTGAAATCCCTCGGCTTAACTGAGGAACTGCAACTAAAACTGGTTTTCTTGAGTGCGGGAGAGGAAAGTGGAATTCCTAGTGTAGCGGTGAAATGCGTAGATATTAGGAGGAACACCAGTGGCGAAGGCGACTTTCTGGACCGTAACTGACGTTGAGGCACGAAAGTGTG","Bacteria","Bacillota_A","Clostridia","TANB77","CAG-508","UMGS1994",NA
"TACGTAGGGAGCAAGCGTTATCCGGATTTATTGGGTGTAAAGGGTGCGTAGACGGGAAAATAAGTTAGCTGTGAAATCCCTCTGCTTAACAGAGGAACTGCAACTAAAACTGTTTTTCTTGAGTACTGGAGAGGAAAGTGGAATTCCTAGTGTAGCGGTGAAATGCGTAGATATTAGGAGGAACACCAGTGGCGAAGGCGACTTTCTGGACAGAAACTGACGTTGAGGCACGAAAGTGTG","Bacteria","Bacillota_A","Clostridia","TANB77","CAG-508","Scatovivens",NA
"TACGGAGGATGCAAGCGTTATCCGGATTCATTGGGTTTAAAGGGTGCGTAGGCGGCTTGGTAAGTCAGCGGTGAAATTCCAGTGCTCAACATTGGCCGTGCCGTTGATACTGCTGGGCTTGAATGCGGATGCCGTGGGAGGAATGTGTGGTGTAGCGGTGAAATGCATAGATATCACGAAGAACTCCGATTGCGAAGGCAGTCTCCTGGGGTGGCATTGACGCTGAGGCTCGAAAGCGTG","Bacteria","Bacteroidota","Bacteroidia","Bacteroidales",NA,NA,NA
"TACGTAGGTGGCAAGCGTTGTCCGGATTTACTGGGTGTAAAGGGCGTGCAGCCGGGCATGCAAGTCAGATGTGAAATCTCAGGGCTTAACCCTGAAACTGCATTTGAAACTGTATGTCTTGAGTGCCGGAGAGGTAATCGGAATTCCTTGTGTAGCGGTGAAATGCGTAGATATAAGGAAGAACACCAGTGGCGAAGGCGGATTACTGGACGGTAACTGACGGTGAGGCGCGAAAGCGTG","Bacteria","Bacillota_A","Clostridia","Oscillospirales","Oscillospiraceae","Dysosmobacter","segnis"
"TACGAGGGGTGCGAGCGTTGTTCGGAATCACTGGGCGTAAAGGGAGCGTAGGCGGACCGCCAAGCGTTCTGTGCAATCCCGGGGCCCAACCCCGGACCCGCAGAGCGAACTGGCGGCCTTGAGTAGTCCAGAGGCCGGCGGAATTCCTGGTGTAGCGGTGGAATGCGTAGATATCAGGAAGAACACCGATGGCGAAGGCAGCCGGCTGGGGACTTACTGACGCTGAGGCTCGAAAGCGCG","Bacteria","Fibrobacterota","Fibrobacteria","Fibrobacterales","Fibrobacteraceae","Hallerella","intestinalis"
"TACGTAGGGAGCGAGCGTTGTCCGGAATGACTGGGTGTAAAGGGAGCGTAGGCGGGATGGCAAGTCAGATGTGAAAACTGAGGGCTCAACCTTCAGACTGCATTTGAAACTGCTGTTCTTGAGTGAGGTAGAGGTAAGCGGAATTCCTGGTGTAGCGGTGAAATGCGTAGAGATCAGGAGGAACATCGGTGGCGAAGGCGGCTTACTGGGCCTTTACTGACGCTGAGGCTCGAAAGCGTG","Bacteria","Bacillota_A","Clostridia","Oscillospirales","Ruminococcaceae","Ruminococcus_C",NA
"TACGTAGGGTGCGAGCGTTAATCGGAATTACTGGGCGTAAAGCGTGCGCAGGCGGCTTTGTAAGACAGATGTGAAATCCCTGAGCTTAACTTAGGAACTGCATTTGTGACTGCAAGGCTAGAGTATGTCAGAGGGAGGTGGAATTCCAAGTGTAGCAGTGAAATGCGTAGATATTTGGAAGAACACCGATGGCGAAGGCAGCCTCCTGGGATAATACTGACGCTCATGCACGAAAGCGTG","Bacteria","Pseudomonadota","Gammaproteobacteria","Burkholderiales","Burkholderiaceae",NA,NA
"TACGTAGGGAGCGAGCGTTATCCGGATTTATTGGGTGTAAAGGGTGCGTAGGCGGCCAGATAGGTCTATGGTTTAAGTCCGAAGCTTAACTTCGGTTCGCCATAGAAACCGTTTGGCTTGAGTATGGTAGAGGCAAGTGGAATTTCTAGTGTAGCGGTAAAATGCGTAGATATTAGAAGGAACACCAGTGGCGAAGGCGACTTGCTGGGCCATCACTGACGCTGAGGCACGAAAGCGTGG","Bacteria","Bacillota_I","Bacilli_A","RF39","UBA660","CAG-417",NA
"TACGGGGGGTGCAAGCGTTGTCCGGAATCATTGGGCGTAAAGAGTTCGTAGGCGGCATGTAAAGTCAGGTGTTAAAGGCAGAGGCTCAACTTCTGTATGGCACTTGATACTTGCAGGCTAGAATGCGGTAGAGGTAAAGGGAATTCCTGGTGTAGCGGTGAAATGCATAGATATCAGGAGGAACATCGGTGGCGTAAGCGCTTTACTGGGCCGTGATTGACGCTGAGGAACGAAAGCCAG","Bacteria","Cyanobacteriota","Vampirovibrionia","Gastranaerophilales","Gastranaerophilaceae","Zag111",NA
"TACGTAGGGGGCAAGCGTTATCCGGATTTACTGGGTGTAAAGGGAGCGTAGGCGGCGATGCAAGTCAGAAGTGAAAGCCCGGGGCTCAACTCCGGGACTGCTTTTGAAACTGTATTGCTAGATTGCAGGAGAGGTAAGTGGAATTCCTAGTGTAGCGGTGAAATGCGTAGATATTAGGAGGAACACCAGTGGCGAAGGCGGCTTACTGGACTGTAAATGACGCTGAGGCTCGAAAGCGTG","Bacteria","Bacillota_A","Clostridia","Lachnospirales","Lachnospiraceae","Laedolimicola",NA
"TACGTAGGTGGCAAGCGTTGTCCGGATTTACTGGGTGTAAAGGGCGTGTAGGCGGGACTGCAAGTCAGATGTGAAATACCGGGGCTCAACTCCGGGGCTGCATCTGAAACTGTGGTTCTTGAGTGCCGGAGAGGGAAGCGGAATTCCTAGTGTAGCGGTGAAATGCGTAGATATTAGGAGGAACACCAGTGGCGAAGGCGGCTTTCTGGACGGTAACTGACGCTGAGGCGCGAAAGCGTG","Bacteria","Bacillota_A","Clostridia",NA,NA,NA,NA
"TACGGGGGATGCAAGCGTTGTCCGGAATCATTGGGCGTAAAGAGTTCGTAGGTGGTTTGTTAAGTTTGGTGTTAAATGCAGAGGCTCAACTTCTGTTCGGCATCGGATACTGGCAGACTAGAATGCGGTAGAGGTAAAGGGAATTCCTGGTGTAGCGGTGAAATGCGTAGATATCAGGAGGAACATCGGTGGCGTAAGCGCTTTACTGGGCCGTAATTGACACTGAGGAACGAAAGCCAG","Bacteria","Cyanobacteriota","Vampirovibrionia","Gastranaerophilales","Gastranaerophilaceae","CALUTH01",NA
"TACGTAGGTGGCGAGCGTTATCCGGATTTATTGGGCGTAAAGCGTGCGCAGGCGGTTTGTTAAGTCTAAAATTAAATCCCGAAGCTTAACTTCGGTTCGTTTTAGAAACTGGCAGGCTAGAGTATGGTAGAGGCAAATGGAATTTCTAGTGTAGCGGTAAAATGCGTAGATATTAGAAGGAACACCAGTGGCGAAGGCGATTTGCTGGGCCATTACTGACGCTCATGCACGAAAGCGTGG","Bacteria","Bacillota_I","Bacilli_A","RF39","UBA660",NA,NA
"TACGTAGGTGGCGAGCGTTGTCCGGAATTACTGGGTGTAAAGGGAGTGTAGGCGGGAGAGCAAGTCAGAAGTGAAAATTATGGGCTTAACCCATAACCTGCTTTTGAAACTGTCCTTCTTGAGTGAAGTAGAGGCAAGCGGAATTCCTAGTGTAGCGGTGAAATGCATAGATATTAGGAGGAACACCAGTGGCGAAGGCGGCTTGCTGGGCTTTTACTGACGCTGAGGCTCGAAAGCGTG","Bacteria","Bacillota_A","Clostridia","Oscillospirales","Ruminococcaceae",NA,NA
"TACGTAGGGGGCGAGCGTTGTCCGGAATCACTGGGCGTAAAGGGCGCGTAGGCGGTCTGGTAAGTCAGTGGTGAAAACTGAGGGCTCAACCCTCAGCCTGCCACTGATACTGTCAGACTTGAGTATGGAAGAGGAGAATGGAATTCCTAGTGTAGCGGTGAAATGCGTAGATATTAGGAGGAACACCAGTGGCGAAGGCGATTCTCTGGGCCAAAACTGACGCTGAGGCGCGAAAGCGTG","Bacteria","Bacillota_B","Peptococcia","Peptococcales","Peptococcaceae","UBA7185",NA
"TACGTAGGGGGCAAGCGTTATCCGGAATTATTGGGCGTAAAGGGTGCGTAGGCGGGTTATCAAGTCTTTGGTTAAAATGCGGTGCTCAACGCCGTATCGCCAAAGAAACTGATAGTCTAGAGTATGGTAGAAGTGAGTGGAACTCCATGTGTAGCGGTAAAATGCGTAAATATATGGAAGAACACCAGTGGCGAAGGCGGCTCACTAGGCCAATACTGACGCTGAGACACGAAAGCGTGG","Bacteria","Bacillota_I","Bacilli_A","Acholeplasmatales","Anaeroplasmataceae","CAG-307",NA
"TACGGAGGGTGCAAGCGTTACTCGGAATCACTGGGCGTAAAGAGCGCGTAGGCGGGATAGCAAGTCAGATGTGAAATCCTATGGCTTAACCATAGAACTGCATTTGAAACTGTTATTCTAGAGTATGGGAGAGGTAGGTGGAATTCTTGGTGTAGGGGTAAAATCCGTAGAGATCAAGAGGAATACTCATTGCGAAGGCGACCTGCTGGAACATAACTGACGCTGATGCGCGAAAGCGTG","Bacteria","Campylobacterota","Campylobacteria","Campylobacterales","Helicobacteraceae","Helicobacter_D",NA
"TACGTAGGTGGCAAGCGTTATCCGGAATTACTGGGTGTAAAGGGTGTGTAGGCGGGACTGCAAGTCAGATGTGAAAACTATGGGCTTAACCCATAGCCTGCATTTGAAACTGTGGTTCTTGAGTGTCGGAGAGGTAAATGGAATTCCCGGTGTAGCGGTGAAATGCGTAGATATCGGGAGGAACACCGGTGGCGAAGGCGATTTACTGGACGACAACTGACGCTGAGACACGAAAGCGTG","Bacteria","Bacillota_A","Clostridia","Oscillospirales","CAG-272","RUG13077",NA
"TACGTAGGTGGCAAGCGTTATCCGGATTTATTGGGTGTAAAGGGCGTGTAGGCGGGAATGCAAGTCAGATGTGAAAACTATGGGCTCAACCCATAGCCTGCATTTGAAACTGTATTTCTTGAGTGCTGGAGAGGCAATCGGAATTCCGTGTGTAGCGGTGAAATGCGTAGATATACGGAGGAACACCAGTGGCGAAGGCGGATTGCTGGACAGTAACTGACGCTGAGGCGCGAAAGCGTG","Bacteria","Bacillota_A","Clostridia","Oscillospirales","Oscillospiraceae","Pseudoflavonifractor_A",NA
"TACGTAGGTGGCGAGCGTTATCCGGATTTACTGGGTGTAAAGGGTGTGTAGGCGGGGAAGCAAGTCAGATGTGAAAACTATGGGCTTAACCCATAAAGTGCATTTGAAACTGTTTCTCTTGAGGATCGGAGGGGTAAATAGAATTCCCGGTGTAGCGGTGAAATGCGTAGATATCGGGAGGAATACCGGTGGCGAAGGCGATTTACTGGACGATTACTGACGCTGAGACACGAAAGCGTG","Bacteria","Bacillota_A","Clostridia","Oscillospirales",NA,NA,NA
"TACGGAAGGTCCGGGCGTTATCCGGATTTATTGGGTTTAAAGGGAGCGTAGGCCGTCTTTTAAGCGTGTTGTGAAATGCCGCGGCTCAACCGTGGCACTGCAGCGCGAACTGGAGGACTTGAGTGCGCAGGAGGTAGGCGGAATTCGTGGTGTAGCGGTGAAATGCGTAGATATTAGGAGGAACACCAGTGGCGAAGGCGGCTTTCTGGACTGTAACTAACACTGAGGCTCGAAAGCGTG","Bacteria","Bacteroidota","Bacteroidia","Bacteroidales","Bacteroidaceae",NA,NA
"TACGTAGGGGGCAAGCGTTATCCGGATTTACTGGGTGTAAAGGGAGCGCAGGCGGTCTGGCAAGTCTGATGTGAAATCCCGGGGCTCAACCCTGGAACTGCATTGGAAACTGTCAGACTAGAGTGCCGGAGAGGTAAGTGGAATTCCTAGTGTAGCGGTGAAATGCGTAGATATTAGGAAGAACACCAGTGGCGAAGGCGGCTTACTGGACGGTAACTGACGCTGAGGCTCGAAAGCGTG","Bacteria","Bacillota_A","Clostridia","Lachnospirales","Lachnospiraceae","Jutongia",NA
"TACGGAAGGTCCAGGCGTTATCCGGATTTATTGGGTTTAAAGGGAGCGTAGGCGGAGAGATAAGTCAGCGGTAAAATCGTGCGGCTCAACCGTACCTCGCCGTTGATACTGTTTTTCTTGAGTGCACACAGGGATGCGGGAATTCGTCGTGTAGCGGTGAAATGCTTAGATATGACGAAGAACTCCGATTGCGAAGGCAGCTCGCTGTAGCATTACTGACGCTGAAGCTCGAAGGTGCGG","Bacteria","Bacteroidota","Bacteroidia","Bacteroidales","Bacteroidaceae",NA,NA
"TACGTAGGGGGCGAGCGTTGTCCGGAATTACTGGGCGTAAAGGGAGCGTAGGCGGTTAATTAAGTTAGATGTGAAATACCCGGGCTTAACTTGGGGGGTGCATCTAATACTGGTAAACTAGAGTACAGGAGAGGAAAGCGGAATTCCTAGTGTAGCGGTGAAATGCATAGATATTAGGAGGAACATCGGTGGCGAAGGCGGCTTTCTGGACTGACACTGACGCTGAGGCTCGAAAGCGTG","Bacteria","Bacillota_A","Clostridia","Christensenellales","CAG-138",NA,NA
"TACAGAGGTCCCTAGCGTTGTTCGGATTTACTGGGCGTAAAGGGCACGTAGGTGGCTAGGCGTGTCAGATGTGAAATCTCCGGGCTCAACCCGGAAAGTGCGTCTGAAACTACCTGGCTCGAGTCCGGGAGAGGGAATCGGAATATAGGGTGTAGCGGTGAAATGCGTTGATATCCTATAGAACACCGGAGGCGAAGGCGGATTCCTGGAACGGTACTGACACTAAGGTGCGAAAGTCGG","Bacteria","Verrucomicrobiota","Kiritimatiellia","RFP12","UBA1067","UBA1067",NA
"TACGTAGGTGGCAAGCGTTGTCCGGATTTACTGGGTGTAAAGGGCGCGTAGGCGGGTCGGCAAGTCAGATGTGAAATCCATGGGCTCAACCCATGAACTGCATTTGAAACTGTCGGTCTTGAGTGTCGGAGAGGCAAGCGGAATTCCGTGTGTAGCGGTGAAATGCGTAGATATACGGAGGAACACCAGTGGCGAAGGCGGCTTGCTGGACGATAACTGACGCTGAGGCGCGAAAGCGTG","Bacteria","Bacillota_A","Clostridia","Oscillospirales","Oscillospiraceae",NA,NA
"TACGTAGGTGGCAAGCGTTGTCCGGATTTACTGGGTGTAAAGGGCGTGTAGCCGGGTCTGCAAGTCAGATGTGAAATCCATGGGCTTAACCCATGAACTGCATTTGAAACTGTGGATCTTGAGTGCTGGAGGGGCAATCGGAATTCCTAGTGTAGCGGTGAAATGCGTAGATATTAGGAGGAACACCAGTGGCGAAGGCGGATTGCTGGACAGTAACTGACGGTGAGGCGCGAAAGTGTG","Bacteria","Bacillota_A","Clostridia","Oscillospirales","Oscillospiraceae","Hominicoprocola",NA
"TACGGAAGGTCCGGGCGTTATCCGGATTTATTGGGTTTAAAGGGAGCGTAGGCCGCCCCTTAAGCGTGTTGTGAAATGCCGCGGCTCAACCGTGGCACTGCAGCGCGAACTGGGGGGCTTGAGTGTGCGCGACGCAGGCGGAATTCGTGGTGTAGCGGTGAAATGCTTAGATATCACGAAGAACTCCGATTGCGAAGGCAGCTCACTGGAGCGCAACTGACGCTGAAGCTCGAAAGTGCG","Bacteria","Bacteroidota","Bacteroidia","Bacteroidales","Bacteroidaceae","Prevotella",NA
"TACGTAGGGGGCAAGCGTTATCCGGATTTACTGGGTGTAAAGGGAGCGTAGACGGAACGGCAAGTTTGAAGTGAAATACCCGGGCTTAACCCGGGAACTGCTTTGAAAACTGTCGATCTAGAGTGTCGGAGAGGTAAGTGGAATTCCTGGTGTAGTAGTGAAATGCGTAGATATCAGGAAGAACACCGGAGGCGAAGGCGGCTTACTGGACGATAACTGACGTTGAGGCTCGAAAGCGTG","Bacteria","Bacillota_A","Clostridia","Lachnospirales","Lachnospiraceae","Oribacterium",NA
"TACGTAGGTGGCGAGCGTTATCCGGAATTATTGGGTGTAAAGGGTGCGTAGGCGGGACGTAAAGTCAGATGTGAAATGCGGAGGCTCAACCTCCGAACTGCATTTGAAACTTACGTTCTTGAGTGGAGTAGAGGCAAGCGGAATTCCCGGTGTAGCGGTGAAATGCATAGATATCGGGAGGAACACCAGTGGCGAAGGCGGCTTGCTGGGCTTTTACTGACGCTGAGGCACGAAAGTGTG","Bacteria","Bacillota_A","Clostridia","Oscillospirales","UBA644","UBA644","sp002299265"
"TACGTAGGGGGCGAGCGTTGTCCGGAATGATTGGGCGTAAAGGGCGCGTAGGCGGCCTGATAAGTCTGGAGTGAAAGTCCTGCTTTCAAGGTGGGAATTGCTTTGGATACTGTTGGGCTGGAGTGCAGGAGAGGAAAGCGGAATTACCGGTGTAGCGGTGAAATGCGTAGAGATCGGTAGGAACACCAGTGGCGAAGGCGGCTTTCTGGACTGTAACTGACGCTGAGGCGCGAAAGCGTG","Bacteria","Bacillota_A","Clostridia","Christensenellales","Aristaeellaceae","Onthenecus",NA
"TACGTAGGGAGCAAGCGTTATCCGGATTTACTGGGTGTAAAGGGCGTGTAGGCGGGCCGGTAAGTTGGAAGTGAAATCTGGGGGCTTAACCCCCAAACTGCTTTCAAAACTGCTGGTCTTGAGTGATGGAGAGGCAGGCGGAATTCCCAGTGTAGCGGTGAAATGCGTAGATATTGGGAGGAACACCAGTGGCGAAGGCGGCCTGCTGGACATTAACTGACGCTGAGGCGCGAAAGCGTG","Bacteria","Bacillota_A","Clostridia","Oscillospirales","Butyricicoccaceae",NA,NA
"TACGGAGGATGCGAGCGTTATCCGGATTTATTGGGTTTAAAGGGTGCGCAGGCGGTTCATCAAGTCAGCGGTAAAAATTCGGGGCTCAACCCCGTCCTGCCGTTGAAACTGACGAGCTGGAGTGCGACAGAGGAATGCGGAATGCGAGGTGTAGCGGTGAAATGCATAGATATCGCGCAGAACTCCGATTGCGAAGGCAGCGTTCCATGTCGTAACTGACGCTCAGGCACGAAAGCGTGG","Bacteria","Bacteroidota","Bacteroidia","Bacteroidales","Muribaculaceae","SFTJ01",NA
"TACGGAAGGTCCAGGCGTTATCCGGATTTATTGGGTTTAAAGGGAGCGTAGGCGGGCTATTAAGTCAGCTGTGAAATCCGGCGGCTCAACCGTGGCACTGCAGCGCGAACTGGTTTTCTTGAGTGCGCGCGACGCAGGCGGAATTCGTGGTGTAGCGGTGAAATGCTTAGATATCACGAGGAACCCCGATTGCGAAGGCAGCTTGCGGGAGCGCAACTGACGCTGAAGCTCGAAGGTGCG","Bacteria","Bacteroidota","Bacteroidia","Bacteroidales","Bacteroidaceae","Prevotella",NA
"TACGTATGGTGCAAGCGTTATCCGGATTTACTGGGTGTAAAGGGAGCGCAGGCGGTGCGGCAAGTCTGATGTGAAAGCCCGGGGCTCAACCCCAGTACTGCATTGGAAACTGTCGTACTAGAGTGTCGGAGGGGTAAGCGGAATTCCTAGTGTAGCGGTGAAATGCATAGATATTACTCAGAACACCGATTGCGAAGGCATCTCACGAAGGGGCGATTGACGCTGAGGCACGAAAGCGTG","Bacteria","Bacillota_A","Clostridia",NA,NA,NA,NA
"TACGTAGGTGGCGAGCGTTATCCGGATTTATTGGGCGTAAAGCGTCCGCAGCCGGTTTATTAAGTCTAAAATTAAAGCCTGGGGCTCAACCCCAGTTCGTTTTAGAAACTGATAGACTCGAGTGTGGTAGAGGCAAACGGAATTTCTAGTGTAGCGGTAAAATGCGTAGATATTAGAAGGAACACCAGTGGCGAAGGCGGTTTGCTAGGCCACCACTGACGGTCAGGGACGAAAGCGTGG","Bacteria","Bacillota_I","Bacilli_A","RF39","UBA660","UBA6985",NA
"TACGTAGGGGGCGAGCGTTATCCGGATTTATTGGGCGTAAAGTGTGCGTAGGCGGTTTATTAAGTCTAAGATAAAAGCCCGAGGCTCAACCTCGGTTCGTTTTAGAAACTGGTAGACTTGAGTATGGTAGAGGCAAGTGGAATTTCTAGTGTAGCGGTTAAATGCGTAGATATTAGAAGGAACACCAGTGGCGAAGGCGGCTTGCTGGGCCATTACTGACGCTGAGGCACGAAAGCGTGG","Bacteria","Bacillota_I","Bacilli_A","RF39","UBA660","CALVVX01",NA
"TACGTAGGTGGCGAGCGTTGTCCGGAATTATTGGGCGTAAAGGGAGCGCAGGCGGGAGAGTAAGTCTATCCTAAAAGTGCGGGGCTCAACCCCGTGAGGGGATGGAAACTATTCTTCTTGAGTGCAGGAGGGGAAAGCGGAATTCCTAGTGTAGCGGTGAAATGCTTAGATATGACGAAGAACTCCGATTGGGAAGCCAGCTTACTGTAGCGCCACTGACGCTGATGCTCGAAAGTGCGG","Bacteria","Bacillota_C","Negativicutes","Selenomonadales","Selenomonadaceae",NA,NA
"TACGTAGGGAGCAAGCGTTATCCGGATTTATTGGGTGTAAAGGGTGCGTAGACGGGGATGCAAGTCAGATGTGAAATGCTAGGGCTTAACCTTAGAACTGCATCTGAAACTGTATTGCTAGAGTGCAGGAGAGGTAAACGGAATTCCTAGTGTAGCGGTGAAATGCTTAGATATCACGAAGAACTCCGATTGCGAAGGCAGCTCACGGGAGCGCAACTGACGCTGAAGCTCGAAAGTGCG","Bacteria","Bacteroidota","Bacteroidia",NA,NA,NA,NA
"TACGTAGGGGGCAAGCGTTGTCCGGAATGACTGGGCGTAAAGGGTGTGTAGGCGGTTTTACAAGTTAGATGTGAAATACCCAGGGCTTAACTCGGGTGCTGCATCTAAGACTGTAAGACTTGAGTGTCGGAGAGGTAAATGGAATTCCTAGTGTAGCGGTGGAATGCGTAGATATTAGGAGGAACACCAGTGGCGAAGGCGATTTACTGGACGATAACTGACGCTGAGGCACGAAAGCGT","Bacteria","Bacillota_A","Clostridia","Christensenellales","CAG-917","CAG-349",NA
"TACGTAGGTGACGAGCGTTGTCCGGATTTACTGGGTGTAAAGGGCGCGTAGGCGGACTGTCAAGTCAGTCGTGAAATACCGGGGCTTAACCCCGGGGCTGCGATTGAAACTGACAGCCTTGAGTATCGGAGAGGAAAGCGGAATTCCTAGTGTAGCGGTGAAATGCGTAGATATTAGGAGGAACACCAGTGGCGAAGGCGGCTTTCTGGACGACAACTGACGCTGAGGCGCGAAAGTGTG","Bacteria","Bacillota_A","Clostridia","UBA1381","UBA1381","Hominilimicola","sp001941225"
"TACGTAGGGAGCAAGCGTTATCCGGATTTATTGGGCGTAAAGGGTGCGTAGGCGGTTTGTTAAGTATGAGATTAAAGCCTGAGGCTTAACCTCAGTTCGTTTCATAAACTGGCAGACTTGAGTATGGCAGAGGTAAACGGAATTTCTAGTGTAGCGGTTAAATGCGTAGATATTAGAAGGAACACCAGTGGCGAAGGCGGTTTACTGGGCCATAACTGACGCTGAGGCACGAAAGCGTGG","Bacteria","Bacillota_I","Bacilli_A","RF39","UBA660","RUG13038",NA
"TACGGAGGATGCGAGCGTTATCCGGATTTATTGGGTTTAAAGGGAGCGCAGGCTGCGAGGCAAGTCAGCGGTCAAATGTCGGGGCTCAACCCCGGCCTGCCGTTGAAACTGTCCTGCTAGAGTTCGAGTGAGGTATGCGGAATGCGTTGTGTAGCGGTGAAATGCATAGATATGACGCAGAACTCCGATTGCGAAGGCAGCATACCAACTCGCGACTGACGCTGAGGCTCGAAAGCGTGG","Bacteria","Bacteroidota","Bacteroidia","Bacteroidales","Muribaculaceae","Limisoma",NA
"TACGGAGGATGCGAGCGTTATCCGGATTTATTGGGTTTAAAGGGTGCGTAGGCCGGACATCAAGTCGGCGGTAAAATCTAAGGGCTCAACCCTTACGAGCCGTCGAAACTGGTGACCTAGAGTGGGCGAGAAGTATGCGGAATGCGAGGTGTAGCGGTGAAATGCATAGATATCACGCAGAACTCCGATTGCGAAGGCAGCATACCGGCGCCCAACTGACGCTGAGGCACGAAAGCGTGG","Bacteria","Bacteroidota","Bacteroidia","Bacteroidales","Muribaculaceae",NA,NA
"TACATAGGGGGCAAGCGTTATCCGGAATTATTGGGCGTAAAGGGTGCGTAGACGGGAAAATAAGTTAGTTGTGAAATCCCTCGGCTTAACTGAGGAACTGCAACTAAAACTGTTTTTCTTGAGTGCAGGAGAGGAAAGCGGAATTCCTAGTGTAGCGGTGAAATGCGTAGATATTAGGAGGAACACCAGTGGCGAAGGCGGCTTTCTGGACTGTAACTGACGTTGAGGCACGAAAGTGTG","Bacteria","Bacillota_A","Clostridia","TANB77","CAG-508","UMGS1864",NA
"TACGTAGGTGGCGAGCGTTATCCGGATTTACTGGGTGTAAAGGGCGCGTAGGCGGGAATGCAAGTCAGATGTGAAATCCAGGGGCTCAACCCTTGAACTGCATTTGAAACTGTATTTCTTGAGTGTCGGAGAGGTTGACGGAATTCCTAGTGTAGCGGTGAAATGCGTAGATATTAGGAGGAACACCAGTGGCGAAGGCGGTCAACTGGACGATAACTGACGCTGAGGCGCGAAAGCGTG","Bacteria","Bacillota_A","Clostridia","Oscillospirales","Oscillospiraceae","CAG-103",NA
"TACGTAGGTGGCAAGCGTTGTCCGGATTTACTGGGTGTAAAGGGCGCGTAGGCGGGTCTGCAAGTCAGTCGTGAAATACCGGGGCTTAACTCCGGGGCTGCGATTGAAACTGTAGATCTTGAGTATCGGAGAGGAAAGCGGAATTCCTAGTGTAGCGGTGAAATGCGTAGATATTAGGAGGAACACCAGTGGCGAAGGCGGCTTTCTGGACGACAACTGACGCTGAGGCGCGAAAGTGTG","Bacteria","Bacillota_A","Clostridia","UBA1381","UBA1381","Hominilimicola",NA
"TACGTAGGGAGCAAGCGTTGTCCGGATTTATTGGGTGTAAAGGGTGCGTAGACGGGAAGATAAGTTAGTTGTGAAATCCCTCGGCTCAACTGAGGAACTGCAACTAAAACTGTCTTTCTTGAGTGCAGGAGAGGAAAGTGGAATTCCTAGTGTAGCGGTGAAATGCGTAGATATTAGGAGGAACACCAGTGGCGAAGGCGACTTTCTGGACTGTAACTGACGTTGAGGCACGAAAGTGTG","Bacteria","Bacillota_A","Clostridia","TANB77","CAG-508",NA,NA
"TACGTAGGGGGCAAGCGTTATCCGGATTTACTGGGTGTAAAGGGAGCGTAGACGGAACAGCAAGTCTGAAGTGAAATGTAGGGGCTCAACCCCTGAACTGCTTTGGAAACTGTTGATCTTGAGTACCGGAGGGGCAGGCGGAATTCCTGGTGTAGCGGTGAAATGCGTAGATATCAGGAAGAACACCGGTGGCGAAGGCGGCCTGCTGGACGGTAACTGACGTTGAGGCTCGAAAGCGTG","Bacteria","Bacillota_A","Clostridia","Lachnospirales","Lachnospiraceae",NA,NA
"TACGTAGGTAGCAAGCGTTGTCCGGAATGACTGGGCGTAAAGGGTGCGTAGGTGGTTTAACAAGTTGGTAGTGAAATTCCGAAGCTTAACTTCGGCGCTACTACCAAGACTGTTGAACTTGAGTACAGGAGAGGTAAGTGGAATTCCTAGTGTAGCGGTGGAATGCGTAGATATTAGGAGGAACACCAGTGGCGAAGGCGACTTACTGGCCTGCAACTGACACTGAGGCACGAAAGCGTG","Bacteria","Bacillota_A","Clostridia","Christensenellales","Borkfalkiaceae","SIG402",NA
"TACGTAGGTGGCGAGCGTTATCCGGATTTACTGGGTGTAAAGGGTGTGTAGGCGGGACTGCAAGTCAGAAGTGAAAATTATGGGCTTAACTCATAACTTGCTTTTGAAACTGTGGTTCTTGAGGGTCGGAGAGGTTACTGGAATTCCCGGTGTAGCGGTGAAATGCGTAGATATCGGGAGGAATACCGGTGGCGAAGGCGAGTAACTGGACGAAACCTGACGCTGAGGCACGAAAGTGTG","Bacteria","Bacillota_A","Clostridia","Oscillospirales",NA,NA,NA
"TACGTAGGTCACGAGCGTTATCCGGAATTATTGGGCGTAAAGAGTGAGCAGGCGGCTTGGCAAGTCTGGGGTGAAAGAATGGGGCTCAACCCCATCCAGCCTTGGAAACTACCTGGCTAGAGTGCGCGAGAGGTTAACGGAACTCCATGTGTAGCGGTGAAATGCGTAGATATATGGAAGAACACCAGTGGCGAAGGCGGTTAACCAGCGCTGCACTGACGCTCAGTCACGAAAGCGTGG","Bacteria","Bacillota_I","Bacilli_A","RFN20","CAG-826","Enteromonas",NA
"TACGGAAGGTCCGGGCGTTATCCGGATTTATTGGGTTTAAAGGGAGCGTAGGCGGGCTGTTAAGTCAGCTGTGAAATCCGGCGGCTCAACCGTCGGCCTGCAGTTGATACTGGTGGTCTTGAGTGCGTGCAGGGGCGTTGGAATTCATGGTGTAGCGGTGAAATGCTCAGATATCACGAGGAACCCCGATTGCGAAGGCAGCTGACAAGGCTACAACTGACGCTAAAGCTCGAAAGTGCG","Bacteria","Bacteroidota","Bacteroidia","Bacteroidales","Bacteroidaceae",NA,NA
"TACGTAGGTGGCGAGCGTTATCCGGAATGATTGGGCGTAAAGGGTGCGTAGGTGGCCTTATAAGTCTGGAGTGAAAGGCGGCAGCTCAACTGCCGTATGCTCTGGAAACTGTGAGGCTGGAGTGCAGGAGAGGGCGATGGAACTCCATGTGTAGCGGTAAAATGCGTAGATATATGGAAGAACACCAGTGGCGAAGGCGGTCGCCTGGCCTGTAACTGACACTGAAGCACGAAAGCGTGG","Bacteria","Bacillota_I","Bacilli_A","Erysipelotrichales","Erysipelotrichaceae","Floccifex","porci"
"TACGTAGGTGGCAAGCGTTATCCGGAATTATTGGGCGTAAAGGGTGCGCAGGCGGTTTGTTAAGTTTATGGTGAAAGCGTTGGGCTCAACCCAATACAGCCATAGATACTGGCAAACTAGAGTGCAGAAGAGGGTAGTGGAATTCCATGTGTAGCGGTAAAATGCGTAGATATATGGAGGAACACCAGTGGCGAAGGCGGCTACCTGGTCTGTAACTGACGCTCAGGCACGAAAGCGTGG","Bacteria","Bacillota_I","Bacilli_A","Erysipelotrichales","Erysipelotrichaceae",NA,NA
"TACGTAGGGGGCAAGCGTTGTCCGGAATTATTGGGCGTAAAGAGTACGTAGGCGGTCTGGTAAGCGCAAGGTGAAAGGCATAGGCTCAACCAATGTCAGCCTTGCGAACTGTCAGACTTGAGTGCAGGAGGGGAAAGTGGAATTCCTAGTGTAGCGGTGAAATGCGTAGATATTAGGAGGAACACCAGTGGCGAAGGCGACTTTCTGGACTGTAACTGACGCTGAGGTACGAAAGCGTGG","Bacteria","Bacillota_A","Clostridia","Peptostreptococcales","Anaerovoracaceae",NA,NA
"TACGTAGGTGGCAAGCGTTGTCCGGAATTACTGGGTGTAAAGGGAGCGTAGGCGGGAATGCAAGTTGAATGTCTAAACTATGGGCTCAACCCATAGTTGCGTTCAAAACTGCATTTCTTGAGTGGAGTAGAGGCAGGCGGAATTCCTAGTGTAGCGGTGAAATGCGTAGATATTAGGAGGAACACCAGTGGCGAAGGCGGCCTGCTGGGCTCTAACTGACGCTGAGGCTCGAAAGCGTGG","Bacteria","Bacillota_A","Clostridia","Oscillospirales","Ruminococcaceae","Harryflintia",NA
"TACGTAGGTGGCAAGCGTTGTCCGGATTTACTGGGTGTAAAGGGCGTGTAGGCGGAGATGCAAGTCAGGAGTGAAATCTCGGGGCTCAACCCCGAAACTGCTTTTGAAACTGTATCCCTTGAGTATCGGAGAGGCAGGCGGAATTCCTAGTGTAGCGGTGAAATGCGTAGATATTAGGAAGAACACCAGTGGCGAAGGCGGCCTGCTGGACGACAACTGACGCTGAGGCGCGAAAGCGTG","Bacteria","Bacillota_A","Clostridia","UBA1212","UBA1255","UBA1255",NA
"TACGTAGGGAGCAAGCGTTATCCGGATTTACTGGGTGTAAAGGGCGAGTAGGCGGGTCGGCAAGTTGGGAGTGAAATGTCGGGGCTTAACCCCGGAACTGCTTCCAAAACTGTTGATCTTGAGTGATGGAGAGGCAGGCGGAATTCCCAGTGTAGCGGTGAAATGCGTAGATATTGGGAGGAACACCAGTGGCGAAGGCGGCCTGCTGGACATTAACTGACGCTGAGGAGCGAAAGCGTG","Bacteria","Bacillota_A","Clostridia","Oscillospirales","Butyricicoccaceae","Butyricicoccus_A",NA
"TACATAGGGGGCAAGCGTTGTCCGGAATGACTGGGCGTAAAGGGTGTGTAGGTGGTTTGTTAAGTTAAATGTGAAAGCCTGTGGCTTAACCACAGAATTGCATTTAATACTGGCAGACTAGAGTGCAGGAGAGGTAAGTGGAATTCCTAGTGTAGCGGTGGAATGCGTAGATATTAGGAGGAACACCAGAGGCGAAGGCGGCTTACTGGACTGTTACTGACACTGAGGCACGAAAGCATG","Bacteria","Bacillota_A","Clostridia","Christensenellales","UBA1242","CAKVLS01","sp934757865"
"TACAGAGGTCTCAAGCGTTGTTCGGAATCACTGGGCGTAAAGGGTACGTAGGCTGCACCATAAGTCGCGCGTGAAAGGCAGGGGCTCAACCTCTGGAGTGCGCATGATACTGTGGTGCTGGAGTAATGGAGGGGGAACCGGAATTCTTGGTGTAGCAGTGAAATGCGTAGATATCAAGAAGAAGACCCGAGGCGAAGGCGGGTTCCTGGACATTAACTGACGCTAAGGTACGAAGGCCGG","Bacteria","Verrucomicrobiota","Verrucomicrobiae","Verrucomicrobiales","Akkermansiaceae","Akkermansia",NA
"TACGGGGGATGCGAGCGTTATCCGGATTCATTGGGTTTAAAGGGTGCGTAGGCGGCCGAGTAAGTCAGCGGTGAAAGACCGGGGCTCAACCCTGGAAGTGCCGTTGATACTGTTTGGCTGGAATGATCCCGCCGCGGGAGGAATGAGTGGTGTAGCGGTGAAATGCATAGATATCACTCAGAACACCGATTGCGAAGGCATCTCGCGAGGGGTCAATTGACGCTGAGGCACGAAAGCGTG","Bacteria","Bacteroidota","Bacteroidia","Bacteroidales","UBA932",NA,NA
"TACGTAGGTGGCAAGCGTTATCCGGATTTATTGGGCGTAAAGGGTGCGCAGGCGGCCTGCCAAGTTCGAGGTGAAAGCGTTGGGCTCAACCCAATACAGCTTCGAATACTGGCAGGCTCGAGTGCAGGAGAGGATGTCGGAATTCCATGTGTAGCGGTAAAATGCGTAGATATATGGAGGAACACCAGCGGCGAAGGCGGACATCTGGCCTGCAACTGACGCTGAGGCACGAAAGCGTGG","Bacteria","Bacillota_I","Bacilli_A",NA,NA,NA,NA
"TACGTAGGGGGCAAGCGTTGTCCGGAATCACTGGGCGTAAAGGGCGCGTAGGCGGCCCGATAAGTCAGATGTGAAAAGTGAGGGCTCAACCCTTAGAGTGCATCTGATACTGTCGGGCTTGAGTACAGAAGAGGAAAGCGGAATTCCTAGTGTAGCGGTGAAATGCGTAGATATTAGGAGGAACACCAGTGGCGAAGGCGGCTTTCTGGGCTGAAACTGACGCTGAGGCGCGAAAGCGTG","Bacteria","Bacillota_B","Peptococcia","Peptococcales","Peptococcaceae","QAKL01",NA
"TACGTAGGGAGCAAGCGTTGTCCGGAATTACTGGGTGTAAAGGGAGTGTAGGCGGGACAGCAAGTTAGGTGTGAAATATACGGGCTCAACTCGTATACTGCACTTAAAACTGTTGTTCTTGAGTGATGAAGAGGCAGGCGGAATTCCCAGTGTAGCGGTGAAATGCGTAGATATTGGGAGGAACATCAGTGGCGAAGGCGGCCTGCTGGGCATTAACTGACGCTGAGGCTCGAAAGCGTG","Bacteria","Bacillota_A","Clostridia","Oscillospirales","Ruminococcaceae",NA,NA
"TACGTAGGGGGCGAGCGTTGTCCGGAATGATTGGGCGTAAAGGGCGTGTAGGCGGCTTTATAAGTCTGGAGTGAAAGTCCTGTTTTCAAGATGGGAATTGCTTTGGATACTGTAGGGCTTGAGTGCAGGAGAGGTTATCGGAATTCCCGGTGTAGCGGTGAAATGCGTAGAGATCGGGAGGAACACCAGTGGCGAAGGCGGGTAACTGGACTGCAACTGACGCTGAGGCGCGAAAGTGTG","Bacteria","Bacillota_A","Clostridia","Christensenellales","Aristaeellaceae","SFMI01",NA
"AACGTAGGTGGCAAGCGTTGTCCGGAATTACTGGGTGTAAAGGGAGCGCAGGCGGAGCGGCAAGTTGGAAGTGAAATACATGGGCTCAACCCATGAACTGCTTTCAAAACTGTCGGTCTTGAGTGGTGCAGAGGTAGGCGGAATTCCCGGTGTAGCGGTGGAATGCGTAGATATCGGGAGGAACACCAGTGGCGAAGGCGGCCTGCTGGGCACTAACTGACGCTGAGGCTCGAAAGTATG","Bacteria","Bacillota_A","Clostridia","Oscillospirales","Ruminococcaceae","Fournierella",NA
"TACGTAGGGAGCAAGCGTTATCCGGATTTATTGGGTGTAAAGGGTGCGTAGACGGGAAGACAAGTTGGTTGTGAAAGCCCTCGGCTCAACTGAGGAACTGCAACCAAAACTATCATTCTTGAGTGCGGGAGAGGAAAGTGGAATTCCTAGTGTAGCGGTGAAATGCGTAGATATTAGGAGGAACACCAGTGGCGAAGGCGACTTTCTGGACCGTAACTGACGTTGAGGCACGAAAGTGTG","Bacteria","Bacillota_A","Clostridia","TANB77","CAG-508","Scatovivens",NA
"TACGGAGGGTGCAAGCGTTGTCCGGAATCATTGGGCGTAAAGAGTTCGTAGGCGGTATGTTAAGTCTGGTGTTAAATGCAGAAGCTCAACTTCTGTTCGGCACTGGATACTGGCAAACTAGAATGCGGTAGAGGTAAAGGGAATTCCTGGTGTAGCGGTGAAATGCTTAGATATCAGGAGGAACATCGGTGGCGTAAGCGCTTTACTGGGCCGTAATTGACGCTGAGGAACGAAAGCCAG","Bacteria","Cyanobacteriota","Vampirovibrionia","Gastranaerophilales","Gastranaerophilaceae","Zag111","sp950022495"
"TACGTAGGTGGCGAGCGTTGTCCGGAATTACTGGGTGTAAAGGGAGTGTAGGCGGGAATGCAAGTCAGAAGTGAAAACTATGGGCTTAACCCATAGCCTGCTTTTGAAACTGTATTTCTTGAGTGAAGCAGAGGCAAGCGGAATTCCTAGTGTAGCGGTGAAATGCGTAGATATTAGGAGGAACACCAGTGGCGAAGGCGGCTTGCTGGGCTTTTACTGACGCTGAGGCTCGAAAGCGTG","Bacteria","Bacillota_A","Clostridia","Oscillospirales","Ruminococcaceae","CAG-115",NA
"TACGTAGGGAGCGAGCGTTGTCCGGATTTACTGGGTGTAAAGGGTGCGTAGGCGGCTATGCAAGTCAGGCGTGAAAACTATGGGCTTAACCCATAGCCTGCGTTTGAAACTGCGTAGCTTGAGTGAAGTAGAGGCAGATGGAATTCCCGGTGTAGCGGTGGAATGCGTAGAGATCGGGAGGAACACCAGTGGCGAAGGCGGTCTGCTGGGCTTTAACTGACGCTGAGGCACGAAAGTGTG","Bacteria","Bacillota_A","Clostridia","Oscillospirales","Acutalibacteraceae","Caproicibacterium",NA
"TACGTAGGGAGCGAGCGTTATCCGGATTTATTGGGCGTAAAGGGTGCGTAGGCGGCTTGTTAAGTATGAAATTAAAGCCCGGGGCTTAACTCCGGTTCGTTTCATAAACTGGCTAGCTTGAGTATGGAAGAGGTAAACGGAATTTCTAGTGTAGCGGTGGAATGCGTAGATATTAGAAGGAACACCAGTGGCGAAGGCGGTTTACTGGGCCATTACTGACGCTGAGGCACGAAAGCGTGG","Bacteria","Bacillota_I","Bacilli_A","RF39","UBA660","Aphodocola","sp947623685"
"TACGTAGGGGGCGAGCGTTATCCGGATTTATTGGGCGTAAAGCGTGTGTAGGCGGTTTATTAAGTTTAAGATTAAAGCCCGGGGCTCAACTCCGGTAAGTCTTAAAAACTGGTAGACTTGAGTACGGTAGAGGCAAACGGAATTTCTAGTGTAGCGGTGAAATGCGTAGATATTAGAAGGAACACCAGTGGCGAAAGCGGTTTGCTGGGCCGTTACTGACGCTGAGGCACGAAAGCGTGG","Bacteria","Bacteroidota","Bacteroidia","Bacteroidales","Muribaculaceae","SFTJ01",NA
"TACGGAAGGTCCGGGCGTTATCCGGATTTATTGGGTTTAAAGGGAGCGTAGGCCGTCTTTTAAGCGTGTTGTGAAATGCCACGGCTCAACCGTCGGCCTGCAGTTGATACTGGTGGCCTTGAGTGCGCGCAGGGGCGTTGGAATTCATGGTGTAGCGGTGAAATGCTCAGATATCATGAAGAACTCCGATCGCGAAGGCAGATGCCCGGAGCGCAACTGACGCTGAGGCTCGAAAGTGCG","Bacteria","Bacteroidota","Bacteroidia","Bacteroidales","Bacteroidaceae","Alloprevotella",NA
"TACGTAGGGGGCAAGCGTTATCCGGATTTACTGGGTGTAAAGGGAGCGTAGACGGCAAAGCAAGTCTGAAGCGAAAGCCCGGGGCTCAACCCCGGTACTGCATTGGAAACTGTCGTACTAGAGTGTCGGAGGGGTAAGTGGAATTCCTAGTGTAGCGGTGAAATGCGTAGATATTAGGAGGAACACCAGTGGCGAAGGCGGCTTACTGGACGATAACTGACGCTGAGGCTCGAAAGCGTG","Bacteria","Bacillota_A","Clostridia","Lachnospirales","Lachnospiraceae",NA,NA
"TACGGAGGATGCGAGCGTTATCCGGATTTATTGGGTTTAAAGGGTGCGTAGGCGGGATGTTAAGTCAGCGGTGAAAGTTTGCGGCTCAACCGTAAAATTGCCGTTGAAACTGGCGTTCTTGAGTGTAAACGAGGTAGGCGGAATGTGACGTGTAGCGGTGAAATGCTTAGATATGTCACAGAACCCCGATTGCGAAGGCAGCTTACCAGCATACAACTGACGCTGAGGCACGAAAGCGTG","Bacteria","Bacteroidota","Bacteroidia","Bacteroidales",NA,NA,NA
"TACGTAGGTCACGAGCGTTATCCGGAATTATTGGGCGTAAAGAGTGAGCAGGCGGCTCGCTAAGCCCGGAGTGAAAGCGTGGGGCTCAACCCCATAAAGCTCCGGGAACTGGCGGGCTAGAGTGCCTGAGAGGTCAACGGAACTCCATGTGTAGCGGTGAAATGCGTAGATATATGGAAGAACACCGGCGGCGAAGGCGGTTGACCAGCAGAGCACTGACGCTCAGTCACGAAAGCGTGG","Bacteria","Bacillota_I","Bacilli_A","RFN20","CAG-826","Enteromonas",NA
"TACGTAGGTGGCGAGCGTTATCCGGAATGATTGGGCGTAAAGGGTGCGTAGGTGGCAGATCAAGTCTGGAGTAAAAGGTATGGGCTCAACCCGTACTGGCTCTGGAAACTGATCAGCTAGAGAACAGAAGAGGACGGCGGAACTCCATGTGTAGCGGTAAAATGCGTAGATATATGGAAGAACACCGGTGGCGAAGGCGGCCGTCTGGTCTGGATTCTGACACTGAAGCACGAAAGCGTG","Bacteria","Bacillota_I","Bacilli_A","Erysipelotrichales","Erysipelotrichaceae","Holdemanella",NA
"TACGGAGGATGCGAGCGTTATCCGGATTTATTGGGTTTAAAGGGTGCGTAGGCTGTGCGGTAAGTCAGAGGTGAAAGGTCCGCGCTCAACGCGGGAACTGCCTTTGATACTGCCGTGCTGGAGTGCGGATGCCGTTGGAGGAATGAGTGGTGTAGCGGTGAAATGCATAGATATCACTCAGAACACCGATTGCGAAGGCATCTGACGAATCCGTAACTGACGCTGAGGCACGAAAGCGTG","Bacteria","Bacteroidota","Bacteroidia","Bacteroidales","UBA932",NA,NA
"TACGTAGGGGGCAAGCGTTGTCCGGAATGACTGGGCGTAAAGGGTGTGTAGGCGGGCTCGCAAGTTGGATGTGTAATACCCAGAGCTTAACTCGGGTGCTGCATCTGAAACTACGAGTCTTGAGTGTCGGAGAGGTAAGTGGAATTCCTAGTGTAGCGGTGGAATGCGTAGATATTAGGAGGAACATCAGTGGCGAAGGCGACTTACTGGACGATAACTGACGCTGAGGCACGAAAGCGT","Bacteria","Bacillota_A","Clostridia","Christensenellales","CAG-917","CAG-349","sp003539515"
"TACGTAGGTGGCAGGCGTTGTCCGGATTTACTGGGTGTAAAGGGCGTGCAGCCGGAGAGATAAGTCAGATGTGAAATCCGCGGGCTCAACCCGCGAACTGCATTTGAAACTGTTTCCCTTGAGTATCGGAGAGGTAATCGGAATTCCTAGTGTAGCGGTGAAATGCGTAGATATGACGAAGAACTCCGATCGCGAAGGCAGGTGTCCGGGGTGCAACTGACGCTGAGGCTCGAAAGTGCG","Bacteria","Bacillota_A","Clostridia","Oscillospirales","Oscillospiraceae",NA,NA
"TACGTAGGGGGCAAGCGTTATCCGGATTTACTGGGTGTAAAGGGAGCGTAGGCGGTCTGGCAAGCCAGAAGTGAAAGCCCGGGGCTTAACCCCGGGACTGCTTTTGGAACTGTTAGACTAGAGTGTCGGAGAGGTAAGTGGAATTCCTAGTGTAGCGGTGAAATGCGTAGATATTAGGAGGAACACCAGTGGCGAAGGCGGCTTACTGGACGATAACTGACGCTGAGGCTCGAAAGCGTG","Bacteria","Bacillota_A","Clostridia","Lachnospirales","Lachnospiraceae","JAGTTR01","sp018223385"
"TACGTAGGGAGCGAGCGTTGTCCGGAATTACTGGGTGTAAAGGGAGCGTAGGCGGGAGTGCAAGTTGGATGTGAAAACCATGGGCTCAACCCATGGACTGCATTCAAAACTGTATTTCTTGAGTGATGTAGAGGCAGGCGGAATTCCTAGTGTAGCGGTGAAATGCGTAGATATTAGGAGGAACACCAGTGGCGAAGGCGGCCTGCTGGGCATTTACTGACGCTGAGGCTCGAAAGCGTG","Bacteria","Bacillota_A","Clostridia","Oscillospirales","Ruminococcaceae",NA,NA
"TACGTAGGTGGCAAGCGTTGTCCGGATTTACTGGGTGTAAAGGGCGCGTAGGCGGGACTGCAAGTCAGATGTGAAATCTGGGGGCTTAACCCCCAAACTGCATTTGAAACTGTAGTTCTTGAGTATCGGAGAGGCAGGCGGAATTCCTAGTGTAGCGGTGAAATGCGTAGATATTAGGAGGAACACCAGTGGCGAAGGCGGCCTGCTGGACGACAACTGACGCTGAGGCGCGAAAGCGTG","Bacteria","Bacillota_A","Clostridia","Oscillospirales","Oscillospiraceae","Sporobacter",NA
"TACGTAGGGGGCAAGCGTTATCCGGAATTACTGGGTGTAAAGGGAGCGTAGGCGGCATGGTAAGCCAGATGTGAAAGCCCGAGGCTTAACTTCGAGGATTGCATTTGGAACTATCAGGCTAGAGTACAGGAGAGGAAAGCGGAATTCCTAGTGTAGCGGTGAAATGCGTAGATATTAGGAAGAACACCAGTGGCGAAGGCGGCTTTCTGGACTGAAACTGACGCTGAGGCTCGAAAGCGT","Bacteria","Bacillota_A","Clostridia","Lachnospirales","Anaerotignaceae","Anaerotignum",NA
"TACGTAGGGGGCAAGCGTTATCCGGATTTACTGGGTGTAAAGGGAGCGTAGACGGCTTGTCAAGTCTGATGTGAAAGCCCGGGGCTCAACCCCGGCACTGCATTGGAAACTGGTGAGCTGGAGTGCAGGAGAGGTAAGTGGAATTCCTAGTGTAGCGGTGAAATGCGTAGATATTAGGAGGAACACCAGTGGCGAAGGCGGCTTACTGGACTGTAACTGACGTTGAGGCTCGAAAGCGTG","Bacteria","Bacillota_A","Clostridia","Lachnospirales","Lachnospiraceae","Lacrimispora",NA
"TACGTAGGTCACGAGCGTTATCCGGAATTATTGGGCGTAAAGAGTGAGCAGGCGGCATGGCAAGTCTGAGGTGAAAGCGTGGGGCTCAACCCCATACAGCCTTGGAAACTACCAAGCTAGAGTGCGTGAGAGGTAAACGGAACTCCATGTGTAGCGGTGAAATGCGTAGATATATGGAAGAACACCGGTGGCGAAGGCGGTTTACCAGCATGACACTGACGCTCAGTCACGAAAGCGTGG","Bacteria","Bacillota_I","Bacilli_A","RFN20","CAG-826","Enteromonas","sp900767825"
"TACGTAGGGGGCGAGCGTTATCCGGATTTATTGGGCGTAAAGCGTGCGTAGACGGTTTATTAAGTCCAGAATTAAAGCCCGAGGCTTAACCTCGGTTCGTTCTGGATACTGGTAGACTAGAGTATGGTAGAGGCAAATGGAATTCCTAGTGTAGCGGTGGAATGCGTAGATATTAGGAGGAACACCAGTGGCGAAGGCGGTTTGCTGGGCCATTACTGACGTTGAGGTACGAAAGCGTGG","Bacteria","Bacillota_I","Bacilli_A","RF39","UBA660","CAG-628",NA
"TACGTAGGTGGCAAGCGTTATCCGGATTTATTGGGCGTAAAGGGTGCGCAGGCGGCTTATTAGGTTTAGGGTGAAAGCGTGGGGCTCAACCCCATATAGCCCTGAAAACCGATAAGCTCGAGTGCAGAAGAGGGAAGCGGAATTCCATGTGTAGCGGTAAAATGCGTAGATATATGGAGGAACACCGGTGGCGAAGGCGGCTTCCTGGTCTGTTACTGACGCTCATGCACGAAAGCGTGG","Bacteria","Bacillota_I","Bacilli_A","Erysipelotrichales","Erysipelotrichaceae",NA,NA
"TACGTAGGGAGCGAGCGTTATCCGGATTTATTGGGTGTAAAGCGTGTGTAGGCGGTTTTTTAAGTCTGTGGTCTAAGCCTGGAGCTCAACTCCAGTTCGCCATGGAAACTGAAAAACTTGAGTATGGTAGAGGCAAGTGGAATTTCTAGTGTAGCGGTGGAATGCGTAGATATTAGAAGGAACACCAGTGGCGAAGGCGGCTTGCTGGGCCATTACTGACGCTGAGACACGAAAGCGTGG","Bacteria","Bacillota_I","Bacilli_A","RF39","UBA660",NA,NA
"TACGGAAGGTCCGGGCGTTATCCGGATTCATTGGGTTTAAAGGGAGCGTAGGCCGCCTTTTAAGCGTGTTGTGAAATGTCCTGGCTCAACCAGGGCACTGCAGCGCGAACTGGAGGGCTTGAGTGCGCACGACGCAGGCGGAATTCGTGGTGTAGCGGTGAAATGCTTAGATATCACGAAGAACCCCGATTGCGAAGGCAGCTTGCGAGAGCGCTACTGACGCTGAAGCTCGAAGGTGCG","Bacteria","Bacteroidota","Bacteroidia","Bacteroidales","Bacteroidaceae","Prevotella",NA
"TACGTAGGGGGCGAGCGTTATCCGGATTTATTGGGCGTAAAGCGTGTGTAGGCGGTTTGTTAAGTATAAGATAAAAGCCCGGGGCTCAACTCCGGTTCGTCTTATAAACTGGCAGACTTGAGTGTGGTAGAGGCAAGTGGAATTTCTAGTGTAGCGGTTAAATGCGTAGATATTAGAAGGAACACCAGTGGCGAAGGCGGCTTGCTGGGCCATTACTGACGCTGAGACACGAAAGCGTGG","Bacteria","Bacillota_I","Bacilli_A","RF39","UBA660",NA,NA
"TACGTAGGGGGCGAGCGTTATCCGGAATTATTGGGCGTAAAGGGTACGTAGGCGGTTCAGTAAGCATGAGGTGAAAGGCAATAGCTTAACTATTGTAAGCCTTGTGAACTGTTGGACTTGAGTGCAGGAGAGGAAAGCGGAATTCCTAGTGTAGCGGTGAAATGCGTAGATATTAGGAGGAACACCAGTGGCGAAGGCGGCTTTCTGGACTGTAACTGACGCTGAGGTACGAAAGCGTGG","Bacteria","Bacillota_A","Clostridia","Peptostreptococcales","Anaerovoracaceae","Aminipila",NA
"TACGGAGGGTGCAAGCGTTGTCCGGAATCATTGGGCGTAAAGAGTTCGTAGGCGGTTTGTTAAGTCTGGTGTTAAAGCCCGAAGCTCAACTTCGGTTCGGCACTGGATACTGGCAGGCTAGAATGCGGTAGAGGTAAAGGGAATTCCTGGTGTAGCGGTGAAATGCGTAGATATCAGGAGGAACATCGGTGGCGTAAGCGCTTTACTGGGCCGTAATTGACGCTGAGGAACGAAAGCCGG","Bacteria","Cyanobacteriota","Vampirovibrionia","Gastranaerophilales","Gastranaerophilaceae","UBA6984",NA
"TACGTAGGGAGCAAGCGTTGTCCGGATTTACTGGGTGTAAAGGGCGTGTAGGCGGAGCAGCAAGTCAGAAGTGAAATCTCCGGGCTTAACCCGGAAACTGCTTTTGAAACTGTTGCCCTTGAGTATCGGAGAGGCAGGCGGAATTCCTAGTGTAGCGGTGAAATGCGTAGATATTAGGAAGAACACCAGTGGCGAAGGCGGCCTGCTGGACGACAACTGACGCTGAGGCGCGAAAGCGTG","Bacteria","Bacillota_A","Clostridia","UBA1212","UBA1255","UBA1255",NA
"CACGTAAGTTGCGAGCGTTGTTCGGAATTATTGGGCGTAAAGGGCATGTAGGCGGTTTTGCAAGCTTGATGTGAAATGCCGGGGCTTAACTCCGGCACTGCGTTGAGAACTGCATGACTAGAGTAACTGAGGGGCAGCCGGAATTCCAGGTGTAGGGGTGAAATCTGTAGATATCTGGAAGAACACCAATGGCGAAGGCAGGCTACCAGCAGATTACTGACGCTGAGGTGCGAAGGTGCG","Bacteria","Spirochaetota","Spirochaetia","Treponematales","Treponemataceae","Treponema_D",NA
"TACGTAGGTGGCAAGCGTTATCCGGATTTACTGGGTGTAAAGGGCGTGTAGGCGGGATTGCAAGTCAGATGTGAAAACTCGGAGCTCAACTCCGAGCCTGCATTTGAAACTGTAGTTCTTGAGTACTGGAGAGGCAGACGGAATTCCTAGTGTAGCGGTGAAATGCGTAGATATTAGGAGGAACACCAGTGGCGAAGGCGGTCTGCTGGACAGCAACTGACGCTGAGGCGCGAAAGCGTG","Bacteria","Bacillota_A","Clostridia","Oscillospirales","Oscillospiraceae","Lawsonibacter",NA
"TACGGAAGGTCCGGGCGTTATCCGGATTTATTGGGTTTAAAGGGAGCGTAGGCGGGCTGTTAAGTCAGCTGTGAAATCCGGCGGCTCAACCGTCGGCCTGCAGTTGATACTGGCGGACTTGAATTCGGATGCCGTTGGGGGAATGTGTGGTGTAGCGGTGAAATGCATAGATATCACACAGAACACCGATTGCGAAGGCACCTGACGAATCCGACATTGACGCTGAGGCACGAAAGCGTG","Bacteria","Bacteroidota","Bacteroidia",NA,NA,NA,NA
"TACGTAGGGAGCAAGCGTTATCCGGATTTACTGGGTGTAAAGGGAGTGTAGGTGGCATCACAAGTCAGAAGTGAAAGCCCGGGGCTCAACCCCGGGACTGCGTTGAGAACTGCACGGCTAGAGTAACTGAGGGGCAGCCGGAATTCCAGGTGTAGGGGTGAAATCTGTAGATATCTGGAAGAACACCAATGGCGAAGGCAGGCTGCCAGCAGATTACTGACGCTGAGGTGCGAAGGTGCG","Bacteria","Bacillota_A","Clostridia","Lachnospirales","Lachnospiraceae",NA,NA
"TACGGAAGGTCCGGGCGTTATCCGGATTTATTGGGTTTAAAGGGAGCGTAGGCCGTCGTTTAAGCGTGTTGTGAAATGCCGCGGCTCAACCGTGGCACTGCAGCGCGAACTGGATGACTTGAGTTCGCGGGAGGTAGGCGGAATTTGTGGTGTAGCGGTGAAATGCTTAGATATCACGAAGAACTCCGATTGCGAAGGCATCTCACGAATCCGTAATTGACGCTGAGGCACGAAAGCGTG","Bacteria","Bacteroidota","Bacteroidia","Bacteroidales","Bacteroidaceae","Prevotella",NA
"TACGTAGGGTGCAAGCGTTATCCGGATTTACTGGGTGTAAAGGGCGAGTAGACGGCGATGCAAGTCAGATGTGAAATGCTAGGGCTTAACCTTAGAACTGCATCTGAAACTGTATTGCTAGAGTGCAGGAGAGGTAAATGGAATTCCTAGTGTAGCGGTGAAATGCGTAGATATTAGGAGGAACATCAGTGGCGAAGGCGCCTTTCTGGACTGTGTCTGACGCTGAGATGCGAAAGCCAG","Bacteria",NA,NA,NA,NA,NA,NA
"TACGTAGGGGGCGAGCGTTATCCGGATTTATTGGGCGTAAAGGGTGCGTAGGCGGTTTATTAAGTCTAAGATTAAAGCCCGAGGCTTAACCTCGGTTCGTCTTAGAAACTGATAGACTTGAGTATGGTAGAGGCAAGTGGAATTTCTAGTGTAGCGGTTAAATGCGTAGATATTAGAAGGAACACCAGTGGCGAAGGCGGCTTGCTGGGCCATCACTGACGCTGAGGCACGAAAGCGTGG","Bacteria","Bacillota_I","Bacilli_A","RF39","UBA660","CALVVX01",NA
"TACGGAGGATGCGAGCGTTATCCGGATTTATTGGGTTTAAAGGGTGCGTAGGCGGAAGTTCAAGTCAGCGGTAAAATCGAGGGGCTCAACCCCTTTAAGCCGTTGAAACTGGGTTTCTTGAGTGGGCGAGAAGTGTGCGGAATGTGTGGTGTAGCGGTGAAATGCATAGATATCACACAGAACTCCGATTGCGAAGGCAGCACACCGGCGCCCAACTGACGCTGAGGCACGAAAGCGTGG","Bacteria","Bacteroidota","Bacteroidia","Bacteroidales","Muribaculaceae",NA,NA
"TACGTAGGGGGCAAGCGTTATCCGGATTTACTGGGTGTAAGGGGAGCGTAGGCGGCATGGCAAGTCTGATGTGAAAACCCAGGGCTCAACCCTGGGACTGCATTGGAAACTGTCAAGCTGGAGTGTCGGAGAGGTAAGCGGAATTCCTAGTGTAGCGGTGAAATGCGTAGATATTAGGAGGAACACCAGTGGCGAAGGCGGCTTACTGGACGATGACTGACGCTGAGGCTCGAAAGCGTG","Bacteria","Bacillota_A","Clostridia","Lachnospirales","Lachnospiraceae",NA,NA
"TACGGAAGGTCCGGGCGTTATCCGGATTTATTGGGTTTAAAGGGAGCGTAGGCCGGAGATTAAGCGTGTTGTGAAATGTAGGTGCTCAACATCTGCACTGCAGCGCGAACTAGTTTCCTTGAGTACGCACAAAGTGGGCGGAATTCGTGGTGTAGCGGTGAAATGCATAGATATGACGCAGAACTCCGATTGCGAAGGCAGCTTTCCAGCGCGCTACTGACGCTGAGGCACGAAAGCGTG","Bacteria","Bacteroidota","Bacteroidia","Bacteroidales","Bacteroidaceae","Prevotella",NA
"TACGGAGGATGCGAGCGTTATCCGGATTTATTGGGTTTAAAGGGAGCGTAGGCGGGCTATTAAGTCAGCTGTGAAATCCGGCGGCTCAACCGTCGGCCTGCAGTTGATACTGGGGGTCTTGAGTTCACACAGGGATGCCGGAATTCATGGTGTAGCGGTGAAATGCTCAGATATCATGAAGAACCCCGATCGCGAAGGCAGGCATCCGGGGTGTTACTGACGCTGAGGCTCGAAAGTGCG","Bacteria","Bacteroidota","Bacteroidia","Bacteroidales","Bacteroidaceae","Alloprevotella",NA
"TACGGAAGGTCCAGGCGTTATCCGGATTTATTGGGTTTAAAGGGTGCGTAGGTGGCTTGTTAAGTCAGCGGTGAAAGTCAGTGGCTCAACCATTGAATTGCCGTTGAAACTGGCGAGCTTGAGTACGTACGGGGCAGGCGGAATGCGTGGTGTAGCGGTGAAATGCTTAGATATGACGAAGAACTCCGATCGCGAAGGCAGGTGTCCGGGGTGCAACTGACGCTGAGGCTCGAAAGTGCG","Bacteria","Bacteroidota","Bacteroidia","Bacteroidales","Bacteroidaceae","Alloprevotella",NA
"TACGGGGGATGCGAGCGTTATCCGGATTTATTGGGTTTAAAGGGAGCGCAGGCGGTCTTATAAGCGTGACGTGAAATGCAGCGGCTCAACCGTATGATGTGCGTCGCGAACTGTGAGACTTGAGTGTATTCGATGTCAGCGGAATTAGTGGTGTAGCGGTGAAATGCATAGATATCACTCAGAACACCGATTGCGAAGGCATCTCACAAATCCGCAATTGACGCTGAGGCACGAAAGCGT","Bacteria","Bacteroidota","Bacteroidia","Bacteroidales",NA,NA,NA
"TACGTAGGTGGCGAGCGTTATCCGGATTTATTGGGCGTAAAGCGTGCGCAGACGGTTTGTTAAGTTTGAAATCAAAGCCTGGAGCTTAACTCCAGTTAGTTTCAAAAACTGGCAGGCTAGAGTGTGGTAGAGGCAAATGGAATTTCTAGTGTAGCGGTAAAATGCGTAGATATTAGAAGGAACACCAGTGGCGAAGGCGATTTGCTGGGCCATTACTGACGTTCATGCACGAAAGCGTGG","Bacteria","Bacillota_I","Bacilli_A","RF39","UBA660",NA,NA
"TACGTAGGGAGCGAGCGTTGTCCGGAATCACTGGGTGTAAAGGGTGCGCAGGCGGGAACGCAAGTTGGATGTGAAATGTATGGGCTTAACCCATAACCTGCATCCAAAACTGCGATTCTTGAGTGAAGTAGAGGTAGGCGGAATTCCTAGTGTAGCGGTGAAATGCGTAGATATTAGGAGGAACACCAGTGGCGAAGGCGGCCTACTGGGCTTTAACTGACGCTGAGGCACGAAAGCATG","Bacteria","Bacillota_A","Clostridia","Oscillospirales",NA,NA,NA
"TACGTATGGAGCAAGCGTTATCCGGATTTACTGGGTGTAAAGGGAGCGTAGGCGGTGGTGTAAGTCTGATGTGAAAACCCGGGGCTCAACCCCGGGACTGCATTGGAAACTGCGTCACTTGAGTGTCGGAGGGGTAAGTGGAATTCCTAGTGTAGCGGTGAAATGCGTAGATATTAGGAGGAACACCAGTGGCGAAGGCGGCTTACTGGACGACAACTGACGCTGAGGCTCGAAAGCGTG","Bacteria","Bacillota_A","Clostridia","Lachnospirales","Lachnospiraceae","SY8519",NA
"TACGTAGGGGGCAAGCGTTATCCGGATTTACTGGGTGTAAAGGGAGCGCAGGCGGTCTTGCAAGTCTGATGTGAAAGCCCGGGGCTCAACCCCGGGACTGCATTGGAAACTGTGAGACTTGAGTGTCGGAGGGGCAAGTGGAATTCCTAGTGTAGCGGTGAAATGCATAGATATGGCGAAGAACTCCGATTGCGAAGGCAGCTGACGGGTGCGTAACTGACGCTCATGCTCGAAAGTGCG","Bacteria","Bacillota_A","Clostridia","Lachnospirales","Lachnospiraceae",NA,NA
"TACGGGGGGTGTAAGCGTTGTTCGGAATTACTGGGCGTAAAGGGCGTGCAGGCGGCCACCGCAAGTTGAATGTGAAATCCCCGGGCTTAACCCGGGAAGTGCGTTCAAGACTGCGGGGCTTGAATACGGGAGAGGATCGTGGAATTCCTGGTGTAGAGGTGAAATTCGTAGATATCAGGAGGAACACTCGTGGCGAAGGCGACGGTCTGGACCGATATTGACGCTGAGACGCGAAAGCGT","Bacteria","Bacillota_A","Clostridia","Christensenellales","CAG-138","SFDB01",NA
"TACGTAGGGGGCGAGCGTTGTCCGGAATTACTGGGCGTAAAGGGAGCGTAGGCGGTCGATTAAGTTAGATGTGAAACCCCCGGGCTTAACTTGGGGACTGCATCTAATACTGGTTGACTTAGAGTACAGGAGAGGGAAGCGGAATTCCTAGTGTAGCGGTGAAATGCGTAGATATTAGGAGGAACACCAGTGGCGAAGGCGGCTTTCTGGACTGACACTGACGCTGAGGCTCGAAAGCGT","Bacteria","Bacillota_A","Clostridia","Christensenellales","CAG-138",NA,NA
"TACGTAGGGAGCGAGCGTTGTCCGGATTTATTGGGTGTAAAGGGTGCGTAGGCGGTCAAGTAAGTCAGGCGTGTAATTCAGGGGCTTAACCCCTGGACGGCGCTTGAAACTGCATGGCTTGAGTGAAGTAGAGGCAGATGGAATTTCCAGTGTAGCGGTGAAATGCGTAGATATTGGAAGGAACACCGGTGGCGAAGGCGGTCTGCTGGGCTTTAACTGACGCTGAGGCACGAAAGCATG","Bacteria","Bacillota_A","Clostridia","Oscillospirales","Acutalibacteraceae",NA,NA
"TACGTAGGTGGCAAGCGTTGTCCGGAATTACTGGGTGTAAAGGGAGCGCAGGCGGGAAATCAAGTTGGATGTGAAATGTCGGGGCTTAACCCCGGAACTGCATCCAAAACTGATATTCTTGAGTGAAGTAGAGGTAGGCGGAATTCCGAGTGTAGCGGTGAAATGCGTAGATATTCGGAGGAACACCAGTGGCGAAGGCGGCCTACTGGGCTTTAACTGACGCTGAGGCTCGAAAGTGTG","Bacteria","Bacillota_A","Clostridia","Oscillospirales","Acutalibacteraceae","CAG-488",NA
"TACGGAAGGTCCGGGCGTTATCCGGATTTATTGGGTTTAAAGGGAGCGTAGGCCGTCTTATAAGCGTGTTGTGAAATGTCGGGGCTCAACCTGGGCATTGCAGCGCGAACTGTGGGACTTGAGTGTCGGAGGGGCAAGTGGAATTCCTAGTGTAGCGGTGAAATGCATAGATATTAGGAGGAACACCAGTGGCGAAGGCGGCTTGCTGGACGACAACTGACGCTGAGGCTCGAAAGCGTG","Bacteria","Bacillota_A","Clostridia","Lachnospirales","Lachnospiraceae",NA,NA
"TACGTAGGTGGCGAGCGTTATCCGGAATTATTGGGCGTAAAGAGCGCGCAGGTGGTTGATTAAGTCTGATGTGAAAGCCCACGGCTTAACCGTGGAGGGTCATTGGAAACTGGTCGACTTGAGTGCAGAAGAGGGAAGTGGAATTCCATGTGTAGCGGTGAAATGCGTAGAGATATGGAGGAACACCAGTGGCGAAGGCGGCTTCCTGGTCTGTAACTGACACTGAGGCGCGAAAGCGTG","Bacteria","Bacillota","Bacilli","MOL361","Turicibacteraceae","Turicibacter","bilis"
"TACGTAGGGGGCAAGCGTTGTCCGGAATGATTGGGCGTAAAGGGCGCGTAGGCGGCCCGGTAAGTCTGGAGTGAAAGTCCTGCCTTCAAGGTGGGAATTGCTTTGGATACTGTCGGGCTTGAGTGCAGGAGAGGTAAGTGGAATTCCCAGTGTAGCGGTGAAATGCGTAGAGATTGGGAGGAACACCAGTGGCGAAGGCGACTTACTGGACTGTAACTGACGCTGAGGCGCGAAAGTGTG","Bacteria","Bacillota_A","Clostridia","Christensenellales","Aristaeellaceae","Aristaeella",NA
"TACGTAGGGGGCGAGCGTTATCCGGATTCATTGGGCGTAAAGCGCGCGCAGGCGGCGCGCCAAGCGGGACCTCTAACCCCGGGGCTCAACCCCGGGCCGGGTCCCGAACTGGCGCGCTCGGGTGCGGTAGAGGAGAGCGGAATTCCCGGTGTAGCGGTGGAATGCACAGATATCGGGAAGAACACCGATGGCGAAGGCAACTCTCTGGGCCGTCACCGACGCTGAGGCGCGAAAGCCGGG","Bacteria","Actinomycetota","Coriobacteriia","Coriobacteriales","Eggerthellaceae","CAIFEB01",NA
"AACGTAGGTGGCAAGCGTTGTCCGGAATTACTGGGTGTAAAGGGAGCGCAGGCGGAAGCGCAAGTTGGATGTGAAACCCATGGGCTCAACCCATGGCCTGCATCCAAAACTGTGTTTCTTGAGTAGTGCAGAGGTAGGCGGAATTCCCGGTGTAGCGGTGGAATGCGTAGATATCGGGAGGAACACCAGTGGCGAAGGCGGCCTACTGGGCACCAACTGACGCTGAGGCTCGAAAGCATG","Bacteria","Bacillota_A","Clostridia","Oscillospirales","Ruminococcaceae","JAFBIO01","sp021531255"
"TACGTAGGTGGCAAGCGTTATCCGGATTTACTGGGTGTAAAGGGTGTGTAGGCGGGACTGCAAGTCAGATGTGAAAATTATGGGCTCAACTCATAACCTGCATTTGAAACTGTGGTTCTTGAGAGTCGGAGGGGTAATTGGAATTCCCGGTGTAGCGGTGAAATGCGTAGATATCGGGAGGAACACCGGTGGCGAAGGCGGATTACTGGACGACCACTGACGCTGAGACACGAAAGCGTG","Bacteria","Bacillota_A","Clostridia","Oscillospirales","Oscillospiraceae",NA,NA
"TACGTAGGTGGCGAGCGTTATCCGGATTTACTGGGTGTAAAGGGTGTGTAGGCGGGCCGGCAAGTCAGATGTGAAACCTATGGGCTTAACCCATAGCCTGCATTTGAAACTGCTGGTCTTGAGCGTGGAAGAGGTAAATGGAATTCCCGGTGTAGCGGTGAAATGCGTAGATATCGGGAGGAACACCAGTGGCGAAGGCGATTTACTGGGCCATGACTGACGCTGAGACACGAAAGCGTG","Bacteria","Bacillota_A","Clostridia",NA,NA,NA,NA
"TACGTAGGGGGCGAGCGTTATCCGGATTTATTGGGCGTAAAGCGTGCGTAGGCGGTTTATTAAGTCTAAAATTAAAGCCCGAGGCTTAACCTCGGTTCGTTTTAGATACTGGTAGACTAGAGTATGGTAGAGGCAAATGGAATTCCTAGTGTAGCGGTGGAATGCGTAGATATTAGGAGGAACACCAGTGGCGAAGGCGATTTGCTGGGCCAACACTGACGCTGAGGTACGAAAGCGTGG","Bacteria","Bacillota_I","Bacilli_A","RF39","UBA660",NA,NA
"CACGTAAGCCTCGAGCGTTGTTCGGAATTATTGGGCGTAAAGGGCATGTAGGCGGTAATCTAAGCTTGGTGTGAAAGGCAGGGGCTTAACTCCTGGACAGCATTGAGAACTGGATTGCTAGAGTTACTGAAGTGAAATCAGAATTCCAGGTGTAGGGGTGAAATCTGTAGATATCTGGAAGAATACCAATGGCGAAGGCAGGTTTCAGGCAGATAACTGACGCTGAGGTGCGAAGGTGCG","Bacteria","Spirochaetota","Spirochaetia","Treponematales","Treponemataceae",NA,NA
"TACGTAGGTGGCGAGCGTTGTCCGGAATTATTGGGCGTAAAGGGAGCGCAGGCGGTCTTGCAAGTCTGATGTGAAAGCCCGGGGCTCAACCCCGGGACTGCATTGGAAACTGTGAGACTTGAGTGTCGGAGGGGCAAGTGGAATTCCTAGTGTAGCGGTGAAATGCGTAGATATTAGGAGGAACACCAGCGGCGAAGGCGGTTACCTGGTCTGTAACTGACGCTCAGGCACGAAAGCGTG","Bacteria","Bacillota_A","Clostridia","Lachnospirales","Lachnospiraceae",NA,NA
"TACGTAGGTGGCAAGCGTTGTCCGGATTTACTGGGTGTAAAGGGCGTGTAGGCGGAGATTCAAGTCAGAAGTGAAATCCGGCGGCTCAACCGTCGGCCTGCAGTTGATACTGGCGGCCTTGAGTGCGCGCAGGGGCGTTGGAATTCATGGTGTAGCGGTGAAATGCTCAGATATCATGAAGAACTCCGATCGCGAAGGCAGATGCCCGGAGCGCAACTGACGCTGAGGCTCGAAGGTGCG","Bacteria",NA,NA,NA,NA,NA,NA
"CACGTAAGTTGCGAGCGTTGTTCGGAATTATTGGGCGTAAAGGGCATGTAGGCGGTTTTGCAAGCTTGGTGTGAAATGCCGGAGCTTAACTCCGGAATTGCGTTGAGAACTGCATAACTAGAGTCACTGAGGGGCAATCAGAATTCCAGGTGTAGGGGTGAAATCTGTAGATATCTGGAAGAACACCAATGGCGAAGGCGCCTTTCTGGACTGTGTCTGACGCTGAGATGCGAAAGCCAG","Bacteria","Spirochaetota","Spirochaetia","Treponematales","Treponemataceae","Treponema_D",NA
"TACGTATGGTGCAAGCGTTATCCGGATTTACTGGGTGTAAAGGGAGCGTAGACGGCAATGCAAGTCTGAAGTGAAAGGACGGGGCTTAACCCTGTGACTGCTTTGGAAACTGTGTGGCTTGAGTGCCGGAGGGGTAAGCGGAATTCCTAGTGTAGCGGTGAAATGCGTAGATATTAGGAGGAACACCAGTGGCGAAGGCGGCTTACTGGACGGTAACTGACGTTGAGGCTCGAAAGCGTG","Bacteria","Bacillota_A","Clostridia","Lachnospirales","Lachnospiraceae",NA,NA
"TACGGAGGATGCGAGCGTTATCCGGATTCATTGGGTTTAAAGGGTGCGTAGGTGGCCATTTAAGTCAGCGGTGAAAGTTTGTGGCTCAACCATAAAATTGCCGTTGAAACTGGAGGGCTTGAGTATGTTTGGGGCAGGCGGAATGTGTGGTGTAGCGGTGAAATGCTTAGATATCACGAAGAACCCCGATTGCGAAGGCAGCCTACCGTAGCGGCACTGACGCTGAGGCTCGAAAGCGTG","Bacteria","Bacteroidota","Bacteroidia","Bacteroidales","Tannerellaceae","Parabacteroides",NA
"TACGTAGGTGGCAAGCGTTATCCGGATTTACTGGGTGTAAAGGGCGTGTAGGCGGGATTGCAAGTCAGATGTGAAAACCACGGGCTCAACCTGTGGCCTGCATTTGAAACTGTAGTTCTTGAGTACTGGAGAGGCAGACGGAATTCCTAGTGTAGCGGTGAAATGCGTAGATATTAGGAGGAACACCAGTGGCGAAGGCGGTCTGCTGGACAGCAACTGACGCTGAGGCGCGAAAGCGTG","Bacteria","Bacillota_A","Clostridia","Oscillospirales","Oscillospiraceae","Lawsonibacter",NA
"TACGTAGGGAGCGAGCGTTGTCCGGATTTACTGGGTGTAAAGGGTGCGTAGGCGGGCCTGCAAGTCAGACGTGAAATACCGGGGCTTAACTCCGGGGCTGCGTTTGAAACTGTGGGTCTTGAGTGAAGTAGAGGCAGGCGGAATTCCTAGTGTAGCGGTGAAATGCGTAGATATTAGGAGGAACACCAGTGGCGAAGGCGGCCTGCTGGGCTTTAACTGACGCTGAGGCACGAAAGCATG","Bacteria","Bacillota_A","Clostridia","Oscillospirales","Acutalibacteraceae","HGM12789","sp900766585"
"TACGTAGGGAGCGAGCGTTGTCCGGAATTACTGGGCGTAAAGGGCGTGTAGGCGGGGATTTAAGTAGGGTGTGAAAACTCCGGGCTCAACTTGGAGACTGCATCCTAAACTGGATCTCTTGAGGGCAGGAGAGGAAAGTGGAATTCCTAGTGTAGCGGTGAAATGCGTAGATATTAGGAGGAACACCAGTGGCGAAGGCGACTTTCTGGACTGTACCTGACGCTGAGGCGCGAAAGCGTG","Bacteria","Bacillota_B","Dehalobacteriia",NA,NA,NA,NA
"TACGTAGGGGGCGAGCGTTGTCCGGAATTACTGGGCGTAAAGGGTGCGTAGGCGGTTTGGTAAGTTGGATGTGAAATACCCGGGCTTAACTTGGGGGCTGCATCCAATACTGTCGGACTTGAGTGCAGGAGAGGAAAGCGGAATTCCTAGTGTAGCGGTGAAATGCGTAGATATTAGGAGGAACACCGGTGGCGAAGGCGGCTTTCTGGACTGTAACTGACGCTGAGGCACGAAAGCGTG","Bacteria","Bacillota_A","Clostridia","Christensenellales","Christensenellaceae","Guopingia",NA
"TACGTAGGTGGCAAGCGTTGTCCGGAATTACTGGGTGTAAAGGGTGCGCAGGCGGGACTGCAAGTTGGATGTGAAATACCGAGGCTTAACCTCGGAGCTGCATCCAAAACTGTGGTTCTTGAGTGGAGTAGAGGTAAGCGGAATTCCGAGTGTAGCGGTGAAATGCGTAGATATTAGGAGGAACACCAGTGGCGAAGGCGGCTTGCTGGACTGTAACTGACACTGAGGCTCGAAAGCGTG","Bacteria","Bacillota_A","Clostridia","Oscillospirales",NA,NA,NA
"TACGGAAGGTCCGGGCGTTATCCGGATTTATTGGGTTTAAAGGGAGCGCAGGCGGGCTTTTAAGTCAGTTGTGAAATACGGCGGCTCAACCGTCGGACTGCAGTTGATACTGGTGGCCTTGAGTGCGCGCAGGGGCGTTGGAATTCATGGTGTAGCGGTGAAATGCATAGATATCACACAGAACACCGATTGCGAAGGCATCTCACGAATCCGCAATTGACGCTGAGGCACGAAAGTGTG","Bacteria","Bacteroidota","Bacteroidia","Bacteroidales",NA,NA,NA
"TACGTAGGTGGCAAGCGTTGTCCGGAATTATTGGGCGTAAAGGGCGCGCAGGCGGTCTGGTAAGTCGGTCTTAAAAGTGCGGGGCTTAACCCCGTGAGGGGACCGAAACTGCCAGACTAGAGTATCGGAGAGGAAAGCGGAATTCCTAGTGTAGCGGTGAAATGCGTAGATATTAGGAGGAACACCAGTGGCGAAAGCGGCTTTCTGGACGACAACTGACGCTGAGGCGCGAAAGCCAGG","Bacteria","Bacillota_C","Negativicutes","Veillonellales","Megasphaeraceae",NA,NA
"TACATAGGGAGCAAGCGTTATCCGGATTTATTGGGTGTAAAGGGTGCGTAGACGGAGATTTAAGTTAGTTGTGAAATCCCTCGGCTCAACTGAGGAACTGCAACTAAAACTGGATTTCTTGAGTACGGGAGAGGAAAGCGGAATTCCTAGTGTAGCGGTGAAATGCGTAGATATTAGGAGGAACACCAGTGGCGAAGGCGGCTTTCTGGACCGCAACTGACGTTGAGGCACGAAAGTGTG","Bacteria","Bacillota_A","Clostridia","TANB77","CAG-508","CAKPQL01",NA
"TACGTAGGTGGCGAGCGTTATCCGGAATTATTGGGCGTAAAGAGGGAGCAGGCGGCACTAAGGGTCTGTGGTGAAAGCCCGAAGCTTAACTTCGGCGAGCCATGGAAACCGTAGAGCTAGAGTGTGTGAGAGGATCGTGGAATTCCATGTGTAGCGGTGAAATGCGTAGATATATGGAGGAACACCAGTGGCGAAGGCGACGATCTGGCGCACAACTGACGCTCAGTCCCGAAAGCGTGG","Bacteria","Bacillota_I","Bacilli_A","Erysipelotrichales","Coprobacillaceae","Faecalibacillus",NA
"TACGTAGGGGGCAAGCGTTATCCGGAATTATTGGGCGTAAAGCGTGCGTAGGCGGTTTCTTAAGCACGGGGTTTAAGGCTATGGCTTAACCATAGTTCGCCCTGTGAACTGGGAGACTTGAGTGCAGGAGAGGAAAGCGGAATTCCTAGTGTAGCGGTGAAATGCGTAGATATTAGGAGGAACACCAGTGGCGAAGGCGGCTTTCTGGACTGTAACTGACGCTGAGGCACGAAAGCGTGG","Bacteria","Bacillota_A","Clostridia","Peptostreptococcales","Anaerovoracaceae","Hominibacterium",NA
"TACGTAGGTGGCAAGCGTTGTCCGGAATTATTGGGCGTAAAGGGCGCGCAGGCGGCGTCGTAAGTCGGTCTTAAAAGTGCGGGGCTTAACCCCGTGAGGGGACCGAAACTGCGATGCTAGAGTATCGGAGAGGAAAGCGGAATTCCTAGTGTAGCGGTGAAATGCGTAGATATCTGGAAGAACTCCGATTGCGAAGGCAGCCTTCTGGGGTGTTACTGACGCTGAGGCTCGAAAGTGCGG","Bacteria","Bacillota_C","Negativicutes","Veillonellales","Megasphaeraceae","Megasphaera",NA
"TACGTAGGGGGCAAGCGTTATCCGGATTTACTGGGTGTAAAGGGAGCGCAGGCGGTTCGGCAAGTCTGATGTGAAAACCCGGGGCCCAACCCCGGGACTGCATTGGAAACTGTCGGACTGGAGTGTGGGAGAGGCAGGCGGAATTCCTAGTGTAGCGGTGAAATGCGTAGATATTAGGAGGAACACCAGTGGCGAAGGCGGCCTGCTGGACCAAGACTGACGCTGAGGCTCGAAAGCGTG","Bacteria","Bacillota_A","Clostridia","Lachnospirales","Lachnospiraceae",NA,NA
"TACGTAGGGGGCAAGCGTTATCCGGATTTACTGGGTGTAAAGGGAGCGCAGGCGGTCGGGCAAGTCAGATGTGAAAACCCGGGGCTCAACCCCGGGACTGCATTTGAAACTGTCAGACTGGAGTGCAGGAGAGGCAGGCGGAATTCCTAGTGTAGCGGTGAAATGCGTAGATATTAGGAGGAACACCAGTGGCGAAGGCGGCCTGCTGGACTGTAACTGACGCTGAGGCTCGAAAGCATG","Bacteria","Bacillota_A","Clostridia","Lachnospirales","Lachnospiraceae",NA,NA
"TACGTATGGAGCAAGCGTTATCCGGATTTACTGGGTGTAAAGGGAGTGTAGGTGGCATCACAAGTCAGAAGTGAAAGCCCGGGGCTCAACCCCGGGACTGCTTTTGAAACTGTGGGGCTAGAGTGCACACAGGGATGCTGGAATTCGTCGTGTAGCGGTGAAATGCTTAGATATGACGAAGAACTCCGATCGCGAAGGCAGGTGTCCGGGGTGCAACTGACGCTGAGGCTCGAAAGTGCG","Bacteria","Bacillota_A","Clostridia","Lachnospirales","Lachnospiraceae","CAMUXE01",NA
"TACGGAAGGTCCGGGCGTTATCCGGATTTATTGGGTTTAAAGGGAGCGTAGGCAGGCTGTTAAGTCAGCGGTCAAATGTCAGGGCCCAACCTTGGCATGCCGTTGATACTGGCGGCCTTGAGTTCACACAAGGAAGGCGGAATTCGTGGTGTAGCGGTGATATGCGTAGATATTAGGAGGAACACCAGTGGCGAAGGCGGTTTTCTGGACTGTAACTGACACTGAGGCTCGAAAGCGTGG","Bacteria",NA,NA,NA,NA,NA,NA
"TACCCGCAGCCCGAGTGGTGGTCGATTTTATTGAGTCTAAAACGTTCGTAGCCGGTCTGATAGATCCTTGGGTAAATCGGGGGGCTTAACCTTCCGAATTCCGAGGAGACCGTCAGGCTTGGGATCGGGAGAGGTAAGAGGTACTTCAGGGGTAGGGGTAAAATCCTGTAATCCTTGGAGGACCACCGGTGGCGAAGGCGTCTTACTAGAACGAATCCGACGGTGAGGGACGAAGCCCTA","Archaea","Thermoplasmatota","Thermoplasmata","Methanomassiliicoccales","Methanomethylophilaceae","Methanomethylophilus","alvus"
"TACGGAGGGTGCTGGCGTTAATCGGATTTATTGGGCGTAAAGGGCGTGTAGGCGGAAGAGTAAGTCAGTTGTCAAATCTCGGGGCTCAACCCCGAATCGGCATCTGATACTATTTTTCTAGAGGGTAGGTGGAGAAAAGGGAATTTCACGTGTAGCGGTGAAATGCGTAGATATGTGGAAGAACACCAGTGGCGAAGGCGCTTTTCTAATTTACACCTGACGCTAAGGCGCGAAAGCAAG","Bacteria","Chlamydiota","Chlamydiia","Chlamydiales","Chlamydiaceae","Chlamydia",NA
"TACGTAGGGTGCGAGCGTTAATCGGAATTACTGGGCGTAAAGCGTGCGCAGGCGGTTGTGTAAGACAGATGTGAAATGCCCGGGCTTAACCTGGGAATTGCATTTGTGACTGCACGGCTAGAGTGTGTCAGAGGGGGGTAGAATTCCACGTGTAGCAGTGAAATGCGTAGATATGTGGAGGAATACCGATGGCGAAGGCAGCCCCCTGGGATAACACTGACGCTCATGCACGAAAGCGTG","Bacteria","Pseudomonadota","Gammaproteobacteria","Burkholderiales","Burkholderiaceae",NA,NA
"TACGTAGGGAGCGAGCGTTGTCCGGAATTACTGGGCGTAAAGGGTGCGTAGGCGGTCTGAAAAGTCGGATGTGAAATCCCCGTGCTTAACATGGGAGCTGCATTCGAAACTTTCGGACTTGAGTGTCGGAGAGGTAAGCGGAATTCCCGGTGTAGCGGTGAAATGCGTAGATATCGGGAGGAACACCAGTGGCGAAGGCGGCTTACTGGACGACAACTGACGCTGAGGCACGAAAGCGTG","Bacteria",NA,NA,NA,NA,NA,NA
"TACGTAGGGAGCGAGCGTTGTCCGGAATTACTGGGCGTAAAGGGCGCGTAGGCGGGGTTTTAAGTAGTGTGTGAAAACTATAGGCTCAACCTGTAGACTGCATGCTAAACTGGAACTCTTGAGGGCAGGAGAGGAAAGTGGAATTCCTAGTGTAGCGGTGAAATGCGTAGATATTAGGAGGAACACCAGTGGCGAAGGCGACTTTCTGGACTGTACCTGACGCTGAGGCGCGAAAGCGTG","Bacteria","Bacillota_B",NA,NA,NA,NA,NA
"TACGTATGGAGCAAGCGTTATCCGGATTTACTGGGTGTAAAGGGTGCGCAGGTGGCGTGGCAAGTCAGAAGTGAAAACCCGGGGCTCAACCCCGCGGACTGCTTTTGAAACTGTCATGCTGGAGTCCAGGAGAGGTAAGCGGAATTCCTAGTGTAGCGGTGAAATGCGTAGATATTAGGAGGAACACCAGTGGCGAAGGCGGCTTACTGGACTGGTACTGACACTGAGGCACGAAAGCGT","Bacteria","Bacillota_A","Clostridia","Lachnospirales","Lachnospiraceae",NA,NA
"TACGTAGGTGGCAAGCGTTATCCGGATTTACTGGGTGTAAAGGGCGTGTAGGCGGGACTGCAAGTCAGGCGTGAAAACCAGAGGCTTAACCTCTGGCCTGCGTTTGAAACTGTAGTTCTTGAGTGCTGGAGAGGCAATCGGAATTCCGTGTGTAGCGGTGAAATGCGTAGATATACGGAGGAACACCAGTGGCGAAGGCGGATTGCTGGACAGTAACTGACGCTGAGGCGCGAAAGCGTG","Bacteria","Bacillota_A","Clostridia","Oscillospirales","Oscillospiraceae","Pseudoflavonifractor",NA
"TACGTAGGTGGCGAGCGTTATCCGGATTTACTGGGTGTAAAGGGAGCGCAGGCGGGAGATCAAGTCAGCTGTGAAAACTACGGGCTTAACTTGTAGACTGCAGTTGAAACTGATTTTCTTGAGTGAAGTAGAGGTTGGCGGAATTCCGAGTGTAGCGGTGAAATGCGTAGATATCACGAAGAACCCCGATTGCGAAGGCAGCTTACCGTAGCGTTACTGACGCTGAAGCTCGAAAGTGCG","Bacteria","Bacillota_A","Clostridia","Oscillospirales","Acutalibacteraceae","CAG-217",NA
"TACGTAGGGGGCAAGCGTTATCCGGATTTACTGGGTGTAAAGGGAGCGTAGACGGCAGGGCAAGTCAGAAGTGAAAGCCCGGGGCTCAACCCCGGGACTGCTTTTGAAACTGTCCGGCTGGAGTGCAGGAGAGGTAAGCGGAATTCCTAGTGTAGCGGTGAAATGCGTAGATATTAGGAGGAACACCAGTGGCGAAGGCGGCTTACTGGACTGTAACTGACGTTGAGGCTCGAAAGCGTG","Bacteria","Bacillota_A","Clostridia","Lachnospirales","Lachnospiraceae",NA,NA
"TACGGAGGATGCAAGCGTTATCCGGATTCATTGGGTTTAAAGGGAGCGTAGGCCGGAGATTAAGCGTGTTGTGAAATGTAGACGCTCAACATCTGCACTGCAGCGCGAACTGTTCTCCTTGAGTGCGCAGGAAGTAGGCGGAATTCGTCGTGTAGCGGTGAAATGCTTAGATATGACGAAGAACTCCGATTGGGAAGCCAGCTTACTGTAGCGCCACTGACGCTGATGCTCGAAAGTGCG","Bacteria","Bacteroidota","Bacteroidia","Bacteroidales","Bacteroidaceae","Prevotella",NA
"TACGGGGGGTGCGAGCGTTGTCCGGAATCATTGGGCGTAAAGAGTTCGTAGGCGGCACGTAAAGTCTGGTGTTAAAGGCGTATGCTCAACATACGTACGGCACTGGATACTTGCGAGCTAGAATGCGGTAGAGGTAAAGGGAATTCCTGGTGTAGCGGTGAAATGCTTAGATATCAGGAGGAACATCGGTGGCGTAAGCGCTTTACTGGGCCGTAATTGACGCTGAGGAACGAAAGCCAG","Bacteria","Cyanobacteriota","Vampirovibrionia","Gastranaerophilales","Gastranaerophilaceae","Zag111",NA
"TACGGAGGATGCGAGCGTTATCCGGATTTATTGGGTGTAAAGGGTGCGTAGGCGGTTTAACAGGTCTGTGGTCTAAGTCCGAAGCTTAACTTCGGTTCGCCACAGAAACCGTTTTACTTGAGTATGGTAGAGGCAAGTGGAATTTCTAGTGTAGCGGTTAAATGCGTAGATATTAGGAGGAACACCAGTGGCGAAGGCGGCTTTCTGGACGACAACTGACGCTGAGGCGCGAAAGTGTGG","Bacteria","Bacillota_I","Bacilli_A","RF39","UBA660",NA,NA
"AACGTAGGTGGCAAGCGTTGTCCGGAATTACTGGGTGTAAAGGGAGCGCAGGCGGATTTGCAAGTTGGAAGTGAAACTCATGGGCTCAACCCATGAACTGCTTTCAAAACTGCAGATCTTGAGTGGTGTAGAGGTAGGCGGAATTCCCGGTGTAGCGGTGGAATGCGTAGATATCGGGAGGAACACCAGTGGCGAAGGCGGCCTACTGGGCACTAACTGACGCTGAGGCTCGAAAGCATG","Bacteria","Bacillota_A","Clostridia","Oscillospirales","Ruminococcaceae","Fournierella",NA
"TACGGAAGGTCCGGGCGTTATCCGGATTTATTGGGTTTAAAGGGCATGTAGGCGGTTTTGCAAGCTTGATGTGAAAGGCAGGAGCTTAACTCCTGGACTGCGTTGAGAACTGCATGACTGGAGTCACTGAGGGGCAATCAGAATTCCAGGTGTAGGGGTGAAATCTGTAGATATCAGGAAGAATACCAATGGCGAAGGCAGGTTACCAGCAGATGACTGACGCTGAGGTGCGAAGGTGCG","Bacteria","Spirochaetota","Spirochaetia","Treponematales","Treponemataceae","Treponema_D",NA
"TACGGAAGATGCGAGCGTTATCCGGATTTATTGGGTTTAAAGGGAGCGTAGGCCGTCTTTTAAGCGTGTTGTGAAATGCCGCGGCTCAACCGTGGCACTGCAGCGCGAACTGGAGGACTTGAGTGCGCAGGAGGTAGGCGGAATTCGTGGTGTAGCGGTGAAATGCTTAGATATCACGAAGAACTCCGATTGCGAAGGCAGCTTGCGGGAGCGCAACTGACGCTGAAGCTCGAAGGTGCG","Bacteria","Bacteroidota","Bacteroidia","Bacteroidales","Bacteroidaceae","Prevotella",NA
"TACGTAGGGTGCAAGCGTTATCCGGATTTACTGGGTGTAAAGGGCGAGTAGACGGTGATGCAAGTCAGATGTGAAATGCTAGGGCTCAACCTTAGAACTGCATCTGAAACTGCATTACTAGAGTGCAGGAGAGGTAAGCGGAATTCCTAGTGTAGCGGTGAAATGCGTAGATATTAGGAAGAACACCAGTGGCGAAGGCGGCTTACTGGACTGTAACTGACGTTGAGGAGCGAAAGTGTG","Bacteria","Bacillota_A","Clostridia","Lachnospirales","Lachnospiraceae",NA,NA
"TACGGAAGGTCCAGGCGTTATCCGGATTTATTGGGTTTAAAGGGAGCGTAGGCCGCCTTTTAAGCGTGTTGTGAAGTGCAGTCGCTCAACGTCTGCACTGCAGCGCGAACTGGAGGGCTTGAGTGCACGGGAGGTAGGCGGAATTCGTGGTGTAGCGGTGAAATGCTTAGATATCACGAAGAACTCCGATTGCGAAGGCAGCTTACCGTAGCGTTACTGACGCTGAAGCTCGAAAGTGCG","Bacteria","Bacteroidota","Bacteroidia","Bacteroidales","Bacteroidaceae","Prevotella",NA
"TACGTAGGTTGCAAGCGTTGTCCGGATTTACTGGGTGTAAAGGGCGTGTAGGCGGAGATGCAAGTTGGGAGTGAAATCCATGGGCTCAACCCATGAACTGCTTTCAAAACTGTATCCCTTGAGTATCGGAGAGGTAATCGGAATTCCTTGTGTAGCGGTGAAATGCGTAGATATAAGGAAGAACACCAGTGGCGAAGGCGGATTACTGGACGACAACTGACGGTGAGGCGCGAAAGCGTG","Bacteria","Bacillota_A","Clostridia","Oscillospirales","Oscillospiraceae","Oscillibacter",NA
"TACGTAGGTGGCAAGCGTTGTCCGGATTTACTGGGTGTAAAGGGAGCGCAGGCGGTCTTGCAAGTCTGATGTGAAAGCCCGGGGCTCAACCCCGGGACTGCATTGGAAACTGTGAGACTTGAGTGTCGGAGGGGCAAGTGGAATTCCTAGTGTAGCGGTGAAATGCATAGATATCACACAGAACACCGATTGCGAAGGCATCTGACGAATCCGCGATTGACGCTGATGCACGAAAGCGTG","Bacteria","Bacillota_A","Clostridia","Lachnospirales","Lachnospiraceae",NA,NA
"CACGTAAGTTGCGAGCGTTGTTCGGAATTATTGGGCGTAAAGGGCATGTAGGCGGCCCTGCAAGCTTGGTGTGAAATCTATGGGCTCAACCCATAGACTGCATTGAGAACTACAGGGCTTGAGTCGCTGAGGCGGAACTGGAATTCCAGGTGTAGGGGTGAAATGCGTAGATATTAGGAGGAACACCAGTGGCGAAGGCGGCTTGCTGGACGACAACTGACGCCGAGGCGCGAAAGCGTG","Bacteria","Spirochaetota","Spirochaetia","Treponematales","Treponemataceae","Treponema_F",NA
"TACGTAGGTGGCAAGCGTTGTCCGGAATGACTGGGCGTAAAGGGAGCGTAGGTGGTGCTTTAAGTTAAATGTGAAAGACCAAGGCTCAACTTTGGAACTGCATTTAATACTGGAGTGCTAGAGTACAGGAGGGGTAAGCGGAATTCCTAGTGTAGCGGTTAAATGCGTAGATATTAGGAGGAACACCAGAGGCGAAGGCGGCTTACTGGACTGCAACTGACACTGAGGCTCGAAAGCGTG","Bacteria","Bacillota_A","Clostridia","Christensenellales","UBA1242",NA,NA
"TACGGAGGGTGCAAGCGTTAATCGGAATAACTGGGCGTAAAGGGCATGCAGGCGGTTATGCAAGCAGGATGTGAAACCCCCGGGCTTAACCTGGGAACTGCATTCTGAACTACATGACTAGAGTATTGCAGGGGGAGACGGAATTCCAGGTGTAGCGGTGGAATGCGTAGATATCTGGAAGAACACCAAAGGCGAAGGCAGTCTCCTGGGCAAATACTGACGCTCATATGCGAAAGCGTG","Bacteria","Pseudomonadota","Gammaproteobacteria","Enterobacterales","Succinivibrionaceae","Succinivibrio",NA
"TACGTAGGTGGCAAGCGTTGTCCGGAATGACTGGGCGTAAAGGGTACGTAGGTGGCTATTCAAGTTAATAGTGAAATCCCGGGGCTTAACTCCGGTGCTACTGTTAAGACTGTTTAGCTTGAGTGCAGGAGGGGTAAGTAGAATTCCTAGTGTAGCGGTGGAATGCGTAGATATTAGGAAGAATACCGGTGGCGAAGGCGACTTACTGGACTGTAACTGACACTGAAGTACGAAAGCGTG","Bacteria","Bacillota_A","Clostridia","Christensenellales","Borkfalkiaceae",NA,NA
"TACGGAGGATCCGAGCGTTATCCGGATTTATTGGGTTTAAAGGGAGCGCAGGTGGGCGTGTAAGTCAGTTGTGAAAGTTCGTGGCTCAACCACGGAATTGCAGTTGAAACTGCATGCCTTGAGTGCGGTAGAGGTAGGCGGAATTCATGGTGTAGCGGTGAAATGCTTAGATATCATGAAGAACCCCGATTGCGAAGGCAGCTTACTGGACCGTAACTGACACTCATGCTCGAAAGTGCG","Bacteria","Bacteroidota","Bacteroidia","Bacteroidales","Bacteroidaceae",NA,NA
"TACGGAGGATGCGAGCGTTATCCGGATTTATTGGGTTTAAAGGGTGCGTAGGTGGTTAATTAAGTCAGCGGTGAAAGTTTGTGGCTCAACCATAAAATTGCCGTTGAAACTGGTTGACTTGAGTATATTTGAGGTAGGCGGAATGCGTGGTGTAGCGGTGAAATGCATAGATATCACGCAGAACTCCGATTGCGAAGGCAGCTTACTAAACTATAACTGACACTGAAGCACGAAAGCGTG","Bacteria","Bacteroidota","Bacteroidia","Bacteroidales","Tannerellaceae","Parabacteroides","goldsteinii"
"TACGTAGGAGGCAAGCGTTGTCCGGAATGACTGGGCGTAAAGGGTGCGTAGCCGGCCTTTCAAGTTGGTAGCGTAATTCCGGGGCTCAACCTCGGCGCTACTACCAAAACTGTTAGGCTTGAGTGCAGGAGAGGTAAGTGGAATTCCTAGTGTAGCGGTGGAATGCGTAGATATTAGGAGGAACACCAGTGGCGAAGGCGACTTACTGGACTGTAACTGACGGTGAGGCACGAAAGCGTG","Bacteria","Bacillota_A","Clostridia","Christensenellales","Borkfalkiaceae",NA,NA
"TACATAGGGGGCGAGCGTTATCCGGAATTATTGGGCGTAAAGCGTGCGTAGGCGGCCGTTTAAGTCTGTCGTGAAAGCCCACAGCTTAACTGTGGAGGGTCGATGGAAACTGGATGGCTTGAATCTAGAAGAGGTAAGTGGAATTCCATGTGTAGCGGTAAAATGCTTAGATATATAGAGGAACACCAGTGGCGAAGGCGGCTTACTGGTCTAGCATTGACGCTGAGGCACGAAAGCGTA","Bacteria","Bacillota_I","Bacilli_A","ML615J-28","CAG-313","CAG-313",NA
"TACGTAGGGGGCGAGCGTTGTCCGGAATTACTGGGCGTAAAGGGTGCGTAGGTGGTCAGATAAGTTGGATGTGAAATACCCGGGCTTAACTTGGGGGGTGCATCCAATACTGTTTGACTAGAGTGCAGGAGAGGGAAGCGGAATTCCTAGTGTAGCGGTGAAATGCGTAGATATTGGGAGGAACACCAGTGGCGAAGGCGCCTTTCTGGACTGTGTCTGACGCTGAGATGCGAAAGCCAG","Bacteria","Bacillota_A","Clostridia","Christensenellales","CAG-138","CALVLD01",NA
"TACGTAGGTCCCGAGCGTTGTCCGGAATTATTGGGCGTAAAGGGAGCGCAGGCGGGAGAGTAAGTCTATCCTAAAAGTGCGGGGCTCAACCCCGTGAGGGGATGGAAACTATTCTTCTTGAGTGCAGAAGAGGAGAGTGGAACTCCATGTGTAGCGGTGGAATGCGTAGATATATGGAAGAACACCAGTGGCGAAGGCGGCTCTCTGGTCTGCAACTGACGCTGAGGCTCGAAAGCATGG","Bacteria","Bacillota","Bacilli","Lactobacillales","Lactobacillaceae",NA,NA
"TACGGAGGGTGCGAGCGTTGTCCGGAATCATTGGGCGTAAAGAGTTCGTAGGTGGCCTGTTAAGTCTGGTGTTAAATGCAGATGCTCAACATCTGTTCGGCACTGGATACTGGCAAGCTTGAATGCGGTAGAGGTAAAGGGAATTCCTGGTGTAGCGGTGAAATGCGTAGATATTAGGGGGAACACCAGTGGCGAAGGCGGCTTGCTGGACTGTAACTGACACTGAGGCTCGAAAGCGTG","Bacteria","Cyanobacteriota","Vampirovibrionia","Gastranaerophilales","Gastranaerophilaceae",NA,NA
"TACGTAGGTGGCGAGCGTTGTCCGGAATTATTGGGCGTAAAGGGAGCGCAGGCGGGAGAGTAAGTCTATCCTAAAAGCCCGGGGCTCAACCCCGGGACTGCTTTTGAAACTGTGGAGCTAGAGTGCAGGAGGGGCAAGTGGAATTCCTAGTGTAGCGGTGAAATGCGTAGATATTAGGAGGAACACCAGTGGCGAAGGCGGCTTGCTGGACGACAACTGACGCTGAAGCTCGAAAGCGTG","Bacteria","Bacillota_A","Clostridia","Lachnospirales","Lachnospiraceae",NA,NA
"TACGGAGGATGCGAGCGTTATCCGGATTTATTGGGTTTAAAGGGTGCGTAGGCTGTGATGTAAGTCAGTGGTGAAATGTACCGGCTTAACCGGTAAACTGCCGTTGATACTGCATTGCTGGAATACGGTTGCCGTGGGAGGAATGTGTAGTGTAGCGGTGAAATGCATAGATATCACGAAGAACTCCGATTGCGAAGGCAGCTCACTGTAGCGCAACTGACGCTGAAGCTCGAAAGTGCG","Bacteria","Bacteroidota","Bacteroidia","Bacteroidales",NA,NA,NA
"TACGGAAGGTCCGGGCGTTATCCGGATTTACTGGGTGTAAAGGGAGCGCAGGCTGGAGATTAAGCGTGTTGTGAAATGCCGCGGCTCAACAACGTCACTGCAGCGCGAACTGCCGGGCTTGAGTGTGCGGAAAGCGGGCGGAATTTGTGGTGTAGCGGTGAAATGCTTAGATATCACGAAGAACTCCGATTGCGAAGGCAGCTCGCTGTAGCATTACTGACGCTGAAGCTCGAAGGTGCG","Bacteria","Bacteroidota","Bacteroidia","Bacteroidales","Bacteroidaceae","Prevotella",NA
"TACGTAGGTGGCGAGCGTTGTCCGGAATTACTGGGTGTAAAGGGAGCGTAGGCGGGAAGGCAAGTCAGAAGTGAAAATTATGGGCTTAACCCATAAACTGCTTTTGAAACTGTTCTTCTTGAGTATCGGAGAGGCAGGCGGAATTCCTAGTGTAGCGGTGAAATGCGTAGATATTAGGAGGAACACCAGTGGCGAAGGCGGCCTGCTGGACGACAACTGACGCTGAGGCGCGAAAGCGTG","Bacteria","Bacillota_A","Clostridia","Oscillospirales","Oscillospiraceae",NA,NA
"TACGGAAGGTCCGGGCGTTATCCGGATTTATTGGGTTTAAAGGGAGCGTAGGCCGGAAGATAAGCGTGTTGTGAAAAGTCGTGGCTCAACCTCGGCCTTGCAGCGCGAACTGTTTTTCTTGAGTACGCAGTAGGTAGGCGGAATTCGTTGTGTAGCGGTGAAATGCTTAGATATGACGAAGAACTCCGATTGCGAAGGCAGCCTGCCGTAGCGCGACTGACGCTGATGCTCGAAAGCGTG","Bacteria","Bacteroidota","Bacteroidia","Bacteroidales","Bacteroidaceae","Prevotella",NA
"TGCGGAAGATGCGAGCGTTATCCGGATTTATTGGGTTTAAAGGGAGCGTAGGCGGGAGGTTAAGTCAGCTGTGAAACCCTGTGGCTCAACCATAGGCGTGCAGTTGATACTGTCCTTCTTGAGTGCGGCAGAGGCAGGCGGAATTCGTGGTGTAGCGGTGAAATGCTTAGATATCACGAAGAACTCCGATTGCGAAGGCAGCCTGCTGGACCGTAACTGACGCTGATGCTCGAAAGTGCG","Bacteria","Bacteroidota","Bacteroidia","Bacteroidales","Bacteroidaceae",NA,NA
"TACGGAGGGTGCGAGCGTTAATCGGAATTACTGGGCGTAAAGCGCACGTAGGCTGTTGTGTAAGTCAGGGGTGAAAGCCCACGGCTCAACCGTGGAACTGCCCTTGATACTGCATGACTGGAATCCGGGAGAGGGTGGCGGAATTCCAGGTGTAGGAGTGAAATCCGTAGATATCTGGAGGAACATCGGTGGCGAAGGCGGCCGCCTGGACCGGTATTGACGCTGAGGTGCGAAAGCGTG","Bacteria","Desulfobacterota","Desulfovibrionia","Desulfovibrionales","Desulfovibrionaceae","Desulfovibrio",NA
"TACGTAGGGGGCAAGCGTTATCCGGATTTACTGGGTGTAAAGGGAGCGTAGGTGGCATAGCAAGTCAGATGTGAAAGCCCGGGGCTTAACTTCGGAACTGCATTTGAAACTGCAACTCTTGAGAGTCGGAGAGGTAAGCGGAATTCCCGGTGTAGCGGTGAAATGCGTAGATATCGGGAGGAACACCAGTGGCGAAGGCGGCTTACTGGACGACAACTGACGCTGAGACACGAAAGCGTG","Bacteria","Bacillota_A","Clostridia","Lachnospirales","Lachnospiraceae",NA,NA
"TACGGAAGGTCCGGGCGTTATCCGGATTTACTGGGTGTAAAGGGAGCGTAGACGGCAATGCAAGTCTGATGTGAAAGCCCGGGGCTCAACCCCGGTACTGCATTGGAAACTGTCGGACTAGAGTGTCGGAGGGGTAAGTGGAATTCCTAGTGTAGCGGTGAAATGCGTAGATATTAGGAGGAACACCAGTGGCGAAGGCGGCTTGCTGGACGACAACTGACGCTGAGGCTCGAAAGCGTG","Bacteria","Bacillota_A","Clostridia","Lachnospirales","Lachnospiraceae",NA,NA
"TACGGAAGGTCCGGGCGTTATCCGGATTTATTGGGTTTAAAGGGTGCGCAGGCGGCGGATCAAGTCAGCGGTCAAACTTCGGGGCTCAACCCCGTTTTGCCGTTGAAACTGATCGGCTGGAGTCTGTTCGAGGGACGCGGAATGCGAGGTGTAGCGGTGAAATGCGTAGATATTAGGAGGAACACCAGTGGCGAAGGCGGCTTGCTGGACTGTAACTGACACTGAGGCTCGAAAGCCAGG","Bacteria",NA,NA,NA,NA,NA,NA
"TACGTAGGTGGCAAGCGTTGTCCGGAATTACTGGGTGTAAAGGGAGCGTAGGCGGCAGAGCAAGTTGAATGTGAAAGCCCGGGGCTTAACCCCGTGATGCGTTCAAAACTGTCCTGCTTGAGTGAAGTAGAGGCAATCGGAATTCCTAGTGTAGCGGTGAAATGCGTAAATATTAGGAGGAACACCAGTGGCGAAGGCGGATTGCTGGGCTTTAACTGACGCTGAGGCTCGAAAGCGTGG","Bacteria","Bacillota_A","Clostridia","Oscillospirales","Ruminococcaceae","UBA866",NA
"TACGGAAGGTCCGGGCGTTATCCGGATTTATTGGGTTTAAAGGGAGCGTAGGCCGCTGTTTAAGCGTGTTGTGAAATTCCGGAGCTCAACTCCGGAACTGCGTTGAGAACTGCATAACTAGAGTCACTGAGGGGCAATCAGAATTCCAGGTGTAGGGGTGAAATCTGTAGATATCTGGAAGAATACCAATGGCGAAGGCAGGTTACCAGCAGATGACTGACGCTGAGGTGCGAAGGTATG","Bacteria","Spirochaetota","Spirochaetia","Treponematales",NA,NA,NA
"TACGTAGGTGGCAAGCGTTGTCCGGATTTACTGGGTGTAAAGGGCGTGTAGGCGGATTTGAAAGTCAGGCGTGAAATGCCGCAGCTTAACTGCGGAGCTGCGCTTGAAACTTCAGACCTTGAGTACCGGAGAGGAAAGCGGAATTCCTAGTGTAGCGGTGAAATGCGTAGATATTAGGAGGAACACCAGTGGCGAAGGCGGCTTTCTGGACGGCAACTGACGCTGAGGCGCGAAAGCCAG","Bacteria","Bacillota_A","Clostridia","UBA1381","UMGS1253","JAKJBW01",NA
"TACGTAGGGAGCAAGCGTTATCCGGATTTATTGGGTGTAAAGGGTGCGTAGGCGGTTTATTAGGTCTATGGTTTAATTCCGAAGCTTAACTTCGGTTCGCCATAGAAACCGATTTACTTGAGTATGGTAGAGGCAAGTGGAATTTCTAGTGTAGCGGTAAAATGCGTAGATATTAGAAGGAACACCAGTGGCGAAGGCGACTTGCTGGGCCATCACTGACGCTGAGGCACGAAAGCGTGG","Bacteria","Bacillota_I","Bacilli_A","RF39","UBA660","CAG-417",NA
"TACGTAGGTGGCAAGCGTTATCCGGAATTACTGGGTGTAAAGGGTGTGTAGGCGGGTCGGCAAGTCGGATGTGAAAATCTCGGGCTCAACTCGAGACCTGCGTCCGAAACTGTCGATCTTGAGGGTCGGAGAGGTAAACGGAATTCCCGGTGTAGCGGTGAAATGCGTAGATATCGGGAGGAACATCTGTGGCGAAGGCGGTTTACTGGACGACAACTGACGCTGAGACACGAAAGCGTG","Bacteria","Bacillota_A","Clostridia","Oscillospirales","CAG-272",NA,NA
"TACGTATGGAGCAAGCGTTATCCGGATTTACTGGGTGTAAGGGGAGCGTAGGCGGTCTTATAAGTCTGATGTGAAAGCCCGGGGCTCAACCCCGGGACTGCATTGGAAACTGTAGGACTAGAGTGTCGGAGGGGTAAGTGGAATTCCTAGTGTAGCGGTGAAATGCGTAGATATTAGGAGGAACACCAGTGGCGAAGGCGACTTACTGGACTGTAACTGACGTTGAGGCACGAAGTGTGG","Bacteria","Bacillota_A","Clostridia","Lachnospirales","Lachnospiraceae","Pararoseburia",NA
"TACGTAGGGAGCAAGCGTTATCCGGATTTACTGGGTGTAAAGGGCGTGTAGGCGGGACTGCAAGTCAGATGTGAAAACTATGGGCTCAACTCATAGCCTGCATTTGAAACTGTAGTTCTTGAGTGCTGGAGAGGCAAATGGAACTCCTAGTGTAGCGGTGAAATGCGTAGATATTAGGAAGAACACCAGTGGCGAAGGCGATTTGCTGGACAGTAACTGACGCTGAGGCGCGAAAGTGTG","Bacteria","Bacillota_A","Clostridia","Oscillospirales","Oscillospiraceae","Lawsonibacter_A",NA
"TACGGGGGATGCAAGCGTTGTCCGGAATCATTGGGCGTAAAGAGTTCGTAGGTGGTTTGTTAAGTTTGGTGTTAAATGCAGAGGCTCAACTTCTGTTCGGCATCGGATACTGGCAGACTAGAATGCGGTAGAGGTAAAGGGAATTCCTGGTGTAGCGGTGAGATGCTTAGATATGACGAAGAACTCCGATCGCGAAGGCAGGTGTCCGGGGTGCAACTGACGCTGAGGCTCGAAAGTGCG","Bacteria","Cyanobacteriota","Vampirovibrionia","Gastranaerophilales","Gastranaerophilaceae","CALUTH01",NA
"TACGTAGGTTGCAAGCGTTGTCCGGATTTACTGGGTGTAAAGGGCGTGTAGGCGGAGGAGCAAGTCAGATGTGAAATCCACGGGCTTAACTCGTGAACTGCATTTGAAACTGTTCTTCTTGAGTATCGGAGAGGCAATCGGAATTCCTAGTGTAGCGGTTAAATGCGTAGATATTAGAAGGAACACCGGTGGCGAAGGCGACTTGCTGGGCCATCACTGACGCTGAGGCACGAAAGCGTG","Bacteria","Bacillota_A","Clostridia","Oscillospirales",NA,NA,NA
"TACGTAAGGTGCGAGCGTTATTCGGAATTATTGGGCGTAAAGGGCATGTAGGCGGAACGGCAAGCTTGGTGTGAAATGCCGGGGCTCAACCCCGGAACTGCATTGAGAACTGCCGAACTTGAGTCAGCGAGGGGGAACCGGAATTCCAAGTGTAGGGGTGAAATCTGTAGATATTTGGAAGAACACCAATGGCGAAGGCAGATGCCCGGAGCGCAACTGACGCTGAGGCTCGAAAGTGCG","Bacteria","Spirochaetota","Spirochaetia","Treponematales","Treponemataceae",NA,NA
"TACGTAGGGTGCGAGCGTTAATCGGAATAACTGGGCGTAAAGGGTGAGTAGGCGGTTTAGTAAGATAGTTGTGAAATTCCCGCGCTTAACGTGGGGACTGCGGCTATGACTGCTAAACTAGAATAGAACAGAGGAAAGTGGAATTCCACGTGTAGCAGTGAAATGCGTAGAGATGTGGAGGAACACCAGTGGCGAAGGCGGCTTGCTGGACGACAACTGACGCTGAGGCTCGAAAGCCAG","Bacteria","Pseudomonadota","Gammaproteobacteria","Burkholderiales","Rhodocyclaceae","SFHR01",NA
"TACGGAAGGTCCGAGCGTTGTCCGGAATTACTGGGTGTAAAGGGAGAGTAGGCGGGATAGCAAGTTAGGTGTGAAAACTACGGGCTCAACTCGTAGACTGCACTTAAAACTGCTGTTCTTGAGTGATGAAGAGGCAGGCGGAATTCCCAGTGTAGCGGTGAAATGCGTAGATATTGGGAGGAACATCAGTGGCGAAGGCGGCCTGCTGGGCATTAACTGACGCTGAGGCTCGAAAGCGTG","Bacteria","Bacillota_A","Clostridia","Oscillospirales","Ruminococcaceae","RGIG4694",NA
"CACGTAAGTTGCGAGCGTTGTTCGGAATTATTGGGCGTAAAGGCATGTAGGCGGTTTTGCAAGCTTGGTGTGAAATTCCGGAGCTCAACTCCGGAACTGCGTTGAGAACTGCATAACTAGAGTGCAGGAGGGGCAAGTGGAATTCCTAGTGTAGCGGTGAAATGCGTAGATATTAGGAGGAACACCAGTGGCGAAGGCGGCTTGCTGGACTGTAACTGACACTGAGGCTCGAAAGCGTGG","Bacteria","Bacillota_A","Clostridia",NA,NA,NA,NA
"TACGTAGGTGGCAAGCGTTGTCCGGATTTACTGGGTGTAAAGGGCGTGTAGCCGGGAAGGCAAGTCAGATGTGAAATCCACGGGCTTAACTCGTGAACTGCATTTGAAACTACTTTTCTTGAGTATCGGAGAGGCAATCGGAATTCCTAGTGTAGCGGTGAAATGCTTAGATATGACGAAGAACTCCGATTGCGAAGGCAGTCTCCTGGGGTGGCATTGACGCTGAGGCTCGAAAGTGCG","Bacteria","Bacillota_A","Clostridia","Oscillospirales","Oscillospiraceae",NA,NA
"TACGGAAGGTCCGGGCGTTATCCGGATTTATTGGGTTTAAAGGGAGTGTAGGTGGCATCACAAGTCAGAAGTGAAAGCCCGGGGCTCAACCCCGGGACTGCTTTTGAAACTGAATCCCTTGAGTATCGGAGAGGCAGGCGGAATTCCTAGTGTAGCGGTGAAATGCGTAGATATTAGGAGGAACACCAGTGGCGAAGGCGGCCTGCTGGACGACAACTGACGCTGAGGCGCGAAAGCGTG","Bacteria","Bacillota_A","Clostridia",NA,NA,NA,NA
"TACGTAGGTGGCGAGCGTTGTCCGGAATTACTGGGTGTAAAGGGAGCGCAGGCGGGAAGACAAGTTGGAAGTGAAAACCATGGGCTCAACCCATGAATTGCTTTCAAAACTGCTGGCCTTGAGTAGTGCAGAGGTAGGTGGAATTCCCGGTGTAGCGGTGGAATGCGTAGATATCGGGAGGAACACCAGTGGCGAAGGCGACCTACTGGGCACCAACTGACGCTGAGGCTCGAAAGCATG","Bacteria","Bacillota_A","Clostridia","Oscillospirales","Ruminococcaceae","Gemmiger",NA
"TACGGAAGGTCCGGGCGTTATCCGGATTTATTGGGTTTAAAGGGAGCGCAGGCCGCTGGGCAAGCGTGTTGTGAAATGCAGTCGCTCAACGTCTGCACTGCAGCGCGAACTGCCCAGCTTGAGTGCGCGCAACGTTGGCGGAATTCGCCGTGTAGCGGTGAAATGCTTAGATATGACGAAGAACTCCGATTGCGAAGGCAGTCTCCTGGGGTGGCATTGACGCTGAGGCGCGAAAGCGTG","Bacteria","Bacteroidota","Bacteroidia","Bacteroidales","Bacteroidaceae","Prevotella",NA
"TACGTAGGGGGCAAGCGTTATCCGGATTTACTGGGTGTAAAGGGAGCGCAGGCGGCGAAGCAAGCCAGAGGTGAAAACCCGGGGCTCAACCCCGAGGATTGCCTTTGGAACTGTTTTGCTTGAGTGCTGGAGGGGCAGGCGGAATTCCTGGTGTAGCGGTGAAATGCGTAGATATCAGGAGGAACACCGGTGGCGAAGGCGGCCTGCTGGACAGTAACTGACGCTGAGGCTCGAAAGCGT","Bacteria","Bacillota_A","Clostridia","Lachnospirales","Lachnospiraceae","Fimimorpha",NA
"TACGTAGGTGGCGAGCGTTATCCGGATTTACTGGGTGTAAAGGGTGTGTAGGCGGGACTGCAAGTCGGATGTGAAAATCACAGGCTTAACCTGTGACCTGCATTCGAAACTGTGGTTCTTGAGGGTCGGAGAGGTAACTGGAATTCCTGGTGTAGCGGTGAAATGCGTAGATATCAGGAGGAACACCGGTGGCGAAGGCGGGTTACTGGACGATTACTGACGCTGAGACACGAAAGCGTG","Bacteria","Bacillota_A","Clostridia","Oscillospirales","CAG-272",NA,NA
"TACGTAGGGGGCGAGCGTTATCCGGATTTATTGGGCGTAAAGCGTGCGTAGGCGGTTTATTAAGTTTAAGATAAAAGCCCGGGGCTTAACTCCGGTTCGTCTTAAAAACTGGTAAACTTGAGTATGGTAGAGGCAAACGGAATTTCTAGTGTAGCGGTGAAATGCTTAGATATGACGAAGAACTCCGATTGCGAAGGCAGCTTACCGTAGCGTTACTGACGCTGAAGCTCGAAAGTGCGG","Bacteria","Bacillota_I","Bacilli_A","RF39","UBA660","CALVVX01",NA
"TACGTAGGGGGCAAGCGTTATCCGGATTTACTGGGTGTAAAGGGAGCGTAGACGGCGGTGCAAGTCTGAAGTGAAATCCCGGGGCTCAACCCCGGTGCTGCTTTGGAAACTGTACTGCTAGAGTGCTGGAGAGGTAAGTGGAATTCCTAGTGTAGCGGTGAAATGCGTAGATATTAGGAGGAACACCAGTGGCGAAGGCGGCTTACTGGACAGTAACTGACGTTGAGGCTCGAAAGCGTG","Bacteria","Bacillota_A","Clostridia","Lachnospirales","Lachnospiraceae",NA,NA
"TACATAGGTAGCAAGCGTTATCCGGAATAACTGGGTGTAAAGGGAGTGTAGGTGGATGTGCAAGTATTATGTGAAAGCCCACGGCTTAACCATGGGATTGCATAATAAACTACAAATCTAGAGTACGAGAGAGGCAAGTGGAATTCCTAGTGTAGCGGTAGAATGCGTAGAGATTAGGAGGAACACCGGAGGCGAAGGCGGCTTGCTGGCTCGCAACTGACACTGAGACTCGAAAGTGTG","Bacteria","Bacillota_A","Clostridia",NA,NA,NA,NA
"TACGTAGGTGGCAAGCGTTATCCGGAATTATTGGGCGTAAAGGGTGCGTAGGCGGAATAGAAAGCCTGTCGTAAAAGGTTTCTGCTCAACGGGGACAAGCGATAGGAACTAATAGACTAGAGTACGGGAGAGGTTAACGGAATTCCATGTGTAGCGGTGAAATGCGTAGATATATGGAGGAACACCGGTGGCGAAGGCGGTTAACTGGCCCGGGACTGACGCTGAGGCACGAAAGCGTGG","Bacteria","Bacillota_I","Bacilli_A",NA,NA,NA,NA
"TACGTAGGTGGCGAGCGTTGTCCGGATTTACTGGGTGTAAAGGGCGCGTAGGCGGGGTATCAAGTCAGTCGTGAAATACCGAGGCTCAACTTCGGGGCTGCGATTGAAACTGATATTCTGGAGTGTCGGAGAGGTAAGCGGAATTCCTAGTGTAGCGGTGAAATGCGTAGATATTAGGAGGAACACCAGTGGCGAAGGCGGATTGCTGGACGACAACTGACGGTGAGACGCGAAAGTGCG","Bacteria","Bacillota_A","Clostridia",NA,NA,NA,NA
"TACGTAGGTGGCAAGCGTTGTCCGGATTTATTGGGCGTAAAGCGAGCGTAGGCGGAAGAATAAGTCTGATGTGAAAGCCCTCGGCTTAACCGAGGAACTGCATCGGAAACTGTTTTTCTTGAGTGCGCAGGAAGTAGGCGGAATTCGTCGTGTAGCGGTGAAATGCTTAGATATGACGAAGAACTCCGATTGCGAAGGCAGCCTGCTGTAGCGCAACTGACGCTGAAGCTCGAAAGCGTG","Bacteria",NA,NA,NA,NA,NA,NA
"TACGTAGGGAGCAAGCGTTGTCCGGAATTACTGGGCGTAAAGGGTGCGTAGGCGGTTGCTTAAGTCAGATGTGAAATACTCGGGCTCAACTCGGGGGCTGCATCTGATACTGGGTAACTAGAGTGCAGGAGAGGAAAGTGGAATTCCTAGTGTAGCGGTGGAATGCGTAGATATTAGGAGGAACACCAGTGGCGAAGGCGACTTTCTGGACTGTAACTGACGCTGAGGCACGAAAGTATG","Bacteria","Bacillota_A","Clostridia","Christensenellales","Christensenellaceae","QANA01",NA
"TACGGAAGATGCGAGCGTTATCCGGATTTATTGGGTTTAAAGGGAGCGCAGGCGGGAGAGTAAGTCTATCCTAAAAGTGCGGGGCTCAACCCCGTGAGGGGATGGAAACTATTCTTCTTGAGTGCAGGAGAGGAAAGCGGAATTCCTAGTGTAGCGGTGAAATGCGTAGATATTAGGAAGAACTCCGATTGCGAAGGCAGCTTACCGTAGCGTTACTGACGCTGAAGCTCGAAAGTGCGG","Bacteria","Bacillota_C","Negativicutes","Selenomonadales","Selenomonadaceae",NA,NA
"TACGTAGGGGGCAAGCGTTGTCCGGAATTATTGGGTTTAAAGGGAGCGTAGGCGGAGAGATAAGTCAGCGGTAAAATCGTGCGGCTCAACCGTACCTCGCCGTTGATACTGTTTTTCTTGAGTGCACGGGAAGTAGGCGGAATTCGTCGTGTAGCGGTGAAATGCTTAGATATGACGAAGAACTCCGATTGCGAAGGCAGCTCACTGGAGCGCAACTGACGCTGAAGCTCGAAAGTGCGG","Bacteria","Bacteroidota","Bacteroidia","Bacteroidales","Bacteroidaceae",NA,NA
"TACGTAGGTGGCAAGCGTTGTCCGGAATTACTGGGTGTAAAGGGAGCGTAGGCGGGATCATAAGTTGATTGTCAAATCTATGGGCTTAACCCATAGCCGCGATCAAAACTGTGATTCTTGAGTGAAGTAGAGGCAGGCGGAATTCCTAGTGTAGCGGTGAAATGCGTAAATATTAGGAGGAACACCAGTGGCGAAGGCGGCCTGCTGGGCTTTAACTGACGCTGAGGCTCGAAAGCGTGG","Bacteria","Bacillota_A","Clostridia","Oscillospirales","Ruminococcaceae",NA,NA
"TACGGAAGGTCCTGGTGTTATCCGGATTTATTGGGTTTAAAGGGAGCGTAGGCCGTCTGTTAAGCGTGTTGTGAAATGTCGGGGCTCAACCTGGGCATTGCAGCGCGAACTGGGGGGCTTGAGTGCACGCGACGCAGGCGGAATTCGTGGTGTAGCGGTGAAATGCTTAGATATCACGAAGAACCCCGATTGCGAAGGCAGCTTGCGGGAGTGTTACTGACGCTGAAGCTCGAAGGTGCG","Bacteria","Bacteroidota","Bacteroidia","Bacteroidales","Bacteroidaceae","Prevotella",NA
"TACGGAAGGTCCGGGCGTTATCCGGATTTATTGGGTTTAAAGGGTGCGTAGGTGGTTTGTTAAGTTTGTGGTGAAAGCGTGCGGCTCAACCGTACCAAGCCATGAAAACTGGCGAACTTGAGTGCAAACGAGGTAGGCGGAATGTGATGTGTAGCGGTGAAATGCTTAGATATGTCACAGAACCCCGATTGCGAAGGCAGCTTACCAGCATGCAACTGACACTGAGGCACGAAAGTGCGG","Bacteria","Bacteroidota","Bacteroidia","Bacteroidales","Paludibacteraceae","RF16",NA
"TACGTAGGGAGCAAGCGTTGTCCGGATTTACTGGGTGTAAAGGGTGCGTAGGCGGTAGATCAAGTCGCATGTGAAATACCCGGGCTCAACCTGGGGGGTGCATGCGAAACTGGAATACTTGAGTGCGGTAGAGGAAAGTGGAATTCCTAGTGTAGCGGTGAAATGCGTAGATATTAGGAGGAACACCAGTGGCGAAGGCGACTTTCTGGGCCGTAACTGACACTGAGGCTCGAAAGCGTG","Bacteria","Bacillota_A","Clostridia","Christensenellales","UMGS416","Parachristensenella",NA
"CACGTAAGCCTCGAGCGTTGTTCGGAATTATTGGGCGTAAAGGGCATGTAGGCGGAATTGCAAGCTTGATGTGAAAGTCAGTGGCTCAACCATTGAACTGCCGTTGAAACTGGGGGGCTTGAGTACGTACGGGGCAGGCGGAATGCGTGGTGTAGCGGTGAAATGCATAGATATCACGCAGAACCCCGATCGCGAAGGCAGCCTGCCAGGCCGTGACTGACACTGATGCACGAAAGCGTG","Bacteria","Bacteroidota","Bacteroidia","Bacteroidales","Tannerellaceae","Parabacteroides",NA
"TACGTAGGGGGCAAGCGTTATCCGGATTTACTGGGTGTAAAGGGAGCGTAGACGGCAGCGCAAGTCTGAAGTGAAAGCCCGGGGCTCAACCCCGGAATGGCTTTGGAAACTGCGCGGCTAGAGTACCGGAGGGGTAAGCGGAATTCCTAGTGTAGCGGTGAAATGCGTAGATATTAGGAGGAACACCAGTGGCGAAGGCGGCTTACTGGACGGTAACTGACGTTGAGGCTCGAAAGCGTG","Bacteria","Bacillota_A","Clostridia","Lachnospirales","Lachnospiraceae","UBA3402","sp003478355"
"TACGTAGGTGGCGAGCGTTGTCCGGATTTACTGGGTGTAAAGGGCGAGTAGGCGGGACAGCAAGTCAGTAGTGAAATGCGGAGGCTTAACCTCCGAGCTGCTATTGAAACTGTTGTTCTTGAGTGATGGAGAGGCAGGCGGAATTCCCGGTGTAGCGGTGAAATGCGTAGAGATCGGGAGGAACACCAGTGGCGAAGGCGGCTTTCTGGACTGTAACTGACGCTGAGGCTCGAAAGCCAG","Bacteria","Bacillota_A","Clostridia","Oscillospirales",NA,NA,NA
"TACGGGGGGTGTAAGCGTTGTTCGGAATTACTGGGCGTAAAGGGCGTGCAGGCGGCCACCGCAAGTTGAATGTGAAATCCCTGGGCTTAACCTAGGACGTGCGTTCAAGACTGCGGGGCTTGAATACGGGAGAGGGTCGTGGAATTCCAGGTGTAGCGGTGAAATGCTTAGATATGACGAAGAACTCCGATTGCGAAGGCAGCCTTCTGGAGTGCAATTGACGCTGAGGCTCGAAAGTGC","Bacteria","Bacillota_A","Clostridia","Christensenellales","CAG-138","SFDB01",NA
"CACGTAAGCCTCGAGCGTTGTTCGGAATTATTGGGCGTAAAGGGCATGTAGGCGGAATTGCAAGCTTGATGTGAAAGCCCGGGGCTCAACCCCGGTACTGCATTGGAAACTGTCGGACTAGAGTGTCGGAGGGGTAAGTGGAATTCCTAGTGTAGCGGTGAAATGCGTAGATATTAGGAGGAACACCAGTGGCGAAGGCGGCCAACTGGGCTTTTACTGACGCTGAGGCTCGAAAGTGTG","Bacteria","Bacillota_A","Clostridia","Lachnospirales","Lachnospiraceae",NA,NA
"TACGTAGGGAGCGAGCGTTGTCCGGAATTACTGGGTGTAAAGGGAGCGTAGGCGGGAAAACAAGTTGGATGTGAAAACTGTGGGCTTAACCTGCAGACTGCATTCAAAACTGTTTTTCTTGAGTGAAGTAGAGGCAAGCGGAATTCATAGTGTAGCGGTGGAATGCGTAGATATTATGAGGAACATCAGTGGCGAAGGCGATTTGCTGGGCTGTTACTGACGCTGAGACACGAAAGCGTG","Bacteria","Bacillota_A","Clostridia","Oscillospirales","Ruminococcaceae",NA,NA
"TACGTAGGTGGCGAGCGTTATCCGGAATTATTGGGCGTAAAGAGTGAGCAGGCGGCAGGATAAGTTCGAAGTGAAAGCGTGGGGCTCAACCCCATACAGCTTTGAAAACTGTCCAGCTAGAGTGCGAGAGAGGTAAGCGGAATTCCATGTGTAGCGGTGAAATGCGTAGATATATGGAGGAACACCAGTGGCGAAGGCGGCTTACTAGCTCGATACTGACGCTCAGTCACGAAAGCGTGG","Bacteria","Bacillota_I","Bacilli_A","RFN20","CAG-826","UBA3207","sp022777645"
"TACGGAGGATGCGAGCGTTATCCGGATTTACTGGGTGTAAAGGGCGTGTAGGCGGGACTGCAAGTCAGATGTGAAAACTTAGGGCTCAACCCTGAGCCTGCATTTGAAACTGTAGTTCTTGAGTACTGGAGAGGCAGACGGAATTCCTAGTGTAGCGGTGAAATGCGTAGATATTAGGAGGAACACCAGTGGCGAAGGCGGTCTGCTGGACAGCAACTGACGCTGAGGCGCGAAAGCCAG","Bacteria","Bacillota_A","Clostridia","Oscillospirales","Oscillospiraceae","Lawsonibacter",NA
"TACGGAGGATGCAAGCGTTGTCCGGAATTATTGGGCGTAAAGGGAGCGCAGGCGGGAGAGTAAGTCTATCCTAAAAGTGCGGGGCTCAACCCCGTGAGGGGATGGAAACTATTCTTCTTGAGTATCGGAGAGGCAGGCGGAATTCCTAGTGTAGCGGTGAAATGCGTAGATATTAGGAGGAACACCAGTGGCGAAGGCGGCCTGCTGGACGACAACTGACGCTGAGGCGCGAAAGCGTGG","Bacteria",NA,NA,NA,NA,NA,NA
"TACGTAGGATGCAAGCGTTATCCGGAATGACTGGGCGTAAAGGGTGCGTAGGCGGTAAATCAAGTTGGCAGCGTAATTCCGAGGCTTAACCTTGGAACTACTGCCAAAACTGGTGAACTAGAGTGTGTCAGGGGTAAGTGGAATTCCTAGTGTAGCGGTGGAATGCGTAGATATTAGGAGGAACACCGGAGGCGAAAGCGACTTACTGGGGCATAACTGACGCTGAGGCACGAAAGCGTG","Bacteria","Bacillota_A","Clostridia","Christensenellales","Borkfalkiaceae","SIG402",NA
"TACGGGGGATGCGAGCGTTATCCGGATTTATTGGGTGTAAAGGGAGTGTAGGTGGCATCACAAGTCAGAAGTGAAAGCCCGGGGCTCAACCCCGGGACTGCTTTTGAAACTGTGGAGCTAGAGTGCAGGAGGGGCAAGTGGAATTCATGGTGTAGCGGTGAAATGCTCAGATATCATGAAGAACTCCGATCGCGAAGGCAGATGCCCGGAGCGCAACTGACGCTGAGGCTCGAAAGTGCG","Bacteria","Bacillota_A","Clostridia","Lachnospirales","Lachnospiraceae","CAMUXE01",NA
"TACGTAGGTGGCAAGCGTTATCCGGATTTACTGGGTGTAAAGGGCGCGTAGGCGGGGATGCAAGTCAGATGTGAAATCTATGGGCTTAACCCATAAACTGCATTTGAAACTGTATCTCTTGAGTGCTGGAGAGGTAGACGGAATTCCTTGTGTAGCGGTGAAATGCTCAGATATCATGAAGAACTCCGATCGCGAAGGCAGATGCCCGGAGCGCAACTGACGCTGAGGCTCGAAAGTGCG","Bacteria","Bacillota_A","Clostridia",NA,NA,NA,NA
"TACGGAAGGTCCGGGCGTTATCCGGATTTATTGGGTTTAAAGGGTGCGTAGGCGGTCCGGTAAGCCAGCCGTGAAAAGCCCCCGCTCAACGGGGGTCGTGCGTTTGATACTGGTGGCCTTGAGTGCGCGCAGGGGCGTTGGAATTCATGGTGTAGCGGTGAAATGCTCAGATATCATGAAGAACTCCGATCGCGAAGGCAGATGCCCGGAGCGCAACTGACGCTGAGGCTCGAAAGTGCG","Bacteria","Bacteroidota","Bacteroidia","Bacteroidales","Bacteroidaceae",NA,NA
"TACGGAGGATGCGAGCGTTATCCGGATTTATTGGGTTTAAAGGGTGCGCGGGCGGCGTGCCAAGTCAGCGGTCAAAGTTCCGGGCTCAACCCGGTGATGCCGTTGAAACTGTGGAGCTAGAGTGCAGGAGGGGCAAGTGGAATTCCTAGTGTAGCGGTGAAATGCGTAGATATTAGGAGGAACACCAGTGGCGAAGGCGGCTTGCTGGACTGTAACTGACACTGAGGCTCGAAAGCGTGG","Bacteria","Bacillota_A","Clostridia","Lachnospirales","Lachnospiraceae","CAMUXE01",NA
"TACGTATGGTGCAAGCGTTATCCGGATTTATTGGGTTTAAAGGGTGCGCAGGCGGCGCGTCAAGCCGGTGGTAAAATTGCGGGGCTCAACCCCGTAGAGCCATCGGAACTGGCGTGCTTGAGTGGAGAAGAAGTATGCGGAATGCGAGGTGTAGCGGTGAAATGCATAGATATCACGAAGAACTCCGATTGCGAAGGCAGCTCACTGGAGCGCAACTGACGCTGAAGCTCGAAAGTGCGG","Bacteria","Bacteroidota","Bacteroidia","Bacteroidales","Muribaculaceae",NA,NA
"TACGGAAGGTCCGGGCGTTATCCGGATTCATTGGGTTTAAAGGGTGCGTAGGCGGCTTTGCAAGTCAGCGGTGAAATCCCCGCGCTCAACGCGGGAGTTGCCGTTGATACTGTACATCTGGAATGCTCTTGCCGTGGGAGGAATGAGTAGTGTAGCGGTGAAATGCATAGATATCACGAAGAACTCCGATTGCGAAGGCAGCTCACTGTAGCGCAACTGACGCTGAAGCTCGAAAGTGCG","Bacteria","Bacteroidota","Bacteroidia","Bacteroidales",NA,NA,NA
"TACGGAAGATGCGAGCGTTATCCGGATTTATTGGGTTTAAAGGGAGCGTAGGCGGAGCGTCAAGTCAGCTGTGAAAACCCGGGGCTTAACCCCGGGACTGCATTTGGAACTGTCAGGCTTGAGTGTTGGAGAGGTAAGCGGAATTCCTAGTGTAGCGGTGAAATGCGTAGAGATGTGGAGGAACACCAATGGCGAAGGCAGCTTTCTGGGTTACTATTGACGCTCAGTCACGAAAGCGTG","Bacteria",NA,NA,NA,NA,NA,NA
"CACCGGCAGCTCTAGTGGTAGCAATTTTTATTGGGCCTAAAGCGTCCGTAGCCGGTTTAATAAGTCTCTGGTGAAATCCTGTAGCTTAACTATGGGAATTGCTGGAGATACTATTAGACTTGAGACCGGGAGAGGTTAGAGGTACTCCCAGGGTAGAGGTGAAATTCTGTAATCCTGGGAGGACCGCCTGTTGCGAAGGCGTCTAACTGGAACGGTTCTGACGGTGAGGGACGAAAGTTA","Archaea","Methanobacteriota","Methanobacteria","Methanobacteriales","Methanobacteriaceae","Methanobrevibacter_A",NA
"TACGTATGGTGCAAGCGTTATCCGGATTTATTGGGTTTAAAGGGAGCGTAGGCGGGCTATTAAGTCAGCTGTGAAATCCGGCGGCTCAACCGTCGGCCTGCAGTTGATACTGGTGGTCTTGAGTGCAGGAGAGGAAAGGGGAATTCCCAGTGTAGCGGTGAAATGCGTAGATATTGGGAGGAACACCAGTGGCGAAGGCGCCTTTCTGGACTGTGTCTGACGCTGAGATGCGAAAGCCAG","Bacteria","Verrucomicrobiota","Kiritimatiellia","RZYC01","RZYC01","RZYC01",NA
"CACGTAAGCCTCGAGCGTTGTTCGGAATTACTGGGTGTAAAGGGCGAGTAGGCGGACTTGCAAGTCAGAAGTGAAATCTAGGGGCTTAACCCCTAAACTGCTTTTGAAACTGTAAGCCTTGAGTGCCGGAGAGGAAAGCGGAATTCCTAGTGTAGCGGTGAAATGCGTAGATATTAGGAAGAACACCAGTGGCGAAGGCGGATTACTGGACGACAACTGACGGTGAGGCGCGAAAGCGTG","Bacteria","Bacillota_A","Clostridia","Oscillospirales","Oscillospiraceae",NA,NA
"TACGTAGGTGGCGAGCGTTGTCCGGAATTATTGGGCGTAAAGGGAGCGCAGGTGGGACTTCAAGTCAGTCTTAAAAGTGCGGGGCTCAACCCCGTGATGGGATTGAAACTGTTTAGCTAGAGTGCAGGAGAGGTAAGTGGAATTCCTAGTGTAGCGGTGAAATGCTCAGATATCATGAAGAACTCCGATCGCGAAGGCAGATGCCCGGAGCGCAACTGACGCTGAGGCTCGAAAGTGCGG","Bacteria","Bacillota_C","Negativicutes","Selenomonadales",NA,NA,NA
"TACGTAGGGAGCAAGCGTTGTCCGGAATTACTGAGTGTAAAGGGAGTGTAGGCGGGATGGTAAGTTAGGTGTGAAAACTATGGGCTTAACCCATAGACTGCACTTAAAACTGCTGTTCTTGAGTGAAGTAGAGGTTGGCGGAATTCGTCGTGTAGCGGTGAAATGCTTAGATATGACGAAGAACTCCGATTGCGAAGGCAGCTTACAGTAGCGTAACTGACGCTGAAGCTCGAAAGTGCG","Bacteria","Bacillota_A","Clostridia","Oscillospirales","Ruminococcaceae","SZUA-444",NA
"TACGTAGGTGGCGAGCGTTGTCCGGAATGACTGGGCGTAAAGGGCGCGTAGGCGGCTTGATAAGTTAGAAGTGAAAGTCCTGCTTTCAAGGTGGGAATTGCTTTTAATACTGTTGAGCTTGAGTGCAGAAGAGGTAAGCGGAATTCCAAGTGTAGCGGTGAAATGCGTAGAGATTTGGAAGAACACCAGTGGCGAAGGCGGCTTACTGGGCTGTAACTGACGCTGAGGCGCGAAAGCGTG","Bacteria","Bacillota_A","Clostridia","Christensenellales","Aristaeellaceae",NA,NA
"TACGTAGGTGGCAAGCGTTGTCCGGAATTACTGGGTGTAAAGGGAGCGTAGGCGGGAATGCAAGTTGAATGTTTAAACTATCGGCTCAACCGGTAGTCGCGTTCAAAACTGCATTTCTTGAGTGGAGTAGAGGCAGGCGGAATTCCTAGTGTAGCGGTGAAATGCGTAGATATCAGGAGGAACATCGGTGGCGTAAGCGCTTCACTGGGCCGTGATTGACGCTGAGGAACGAAAGCCAGG","Bacteria","Bacillota_A","Clostridia","Oscillospirales","Ruminococcaceae","Harryflintia",NA
"TACGTAGGGGGCAAGCGTTATCCGGATTTACTGGGTGTAAAGGGAGCGCAGGCGGCAGGGCAAGCCAGATGTGAAATACCGGGGCTCAACCCCGGGACTGCATTTGAAACTGTCCGGCTGGAGTGTCGGAGGGGTAAGTGGAATTCCTAGTGTAGCGGTGAAATGCGTAGATATATGGAAGAACACCAGTGGCGAAGGCGGCTCTCTGGTCTGCAACTGACGCTGAGGCTCGAAAGCATG","Bacteria","Bacillota_A","Clostridia","Lachnospirales","Lachnospiraceae",NA,NA
"CACGTAGGTGGCAAGCGTTGTCCGGATTTACTGGGTGTAAAGGGCGTGTAGGCGGAGGTTCAAGTCAGAAGTGAAATCTATGGGCTTAACTCATAAACTGCTTTTGAAACTGAACCCCTTGAGTAGTGCAGAGGTAGATGGAATTCCCGGTGTAGCGGTGGAATGCGTAGATATCGGGAGGAACACCAGTGGCGAAGGCGGTCTACTGGGCACCAACTGACGCTGAGGCTCGAAAGCATG","Bacteria","Bacillota_A","Clostridia","Oscillospirales","Ruminococcaceae",NA,NA
"TACGTAGGGAGCAAGCGTTATCCGGATTTATTGGGTGTAAAGGGTGCGTAGACGGAGAAGCAAGTTGGTTGTGAAATCCCTCGGCTTAACTGCGGAGCTGCATCCAAAACTGTAGTTCTTGAGTGGAGTAGAGGCAAGCGGAATTCCTAGTGTAGCGGTGAAATGCGTAGATATTAGGAGGAACACCAGTGGCGAAGGCGACTTGCTGGGCCATCACTGACGCTGAGGCACGAAAGCGTG","Bacteria","Bacillota_A","Clostridia",NA,NA,NA,NA
"TACGGAGGATGCAAGCGTTATCCGGATTCATTGGGCGTAAAGCGAGCGCAGGCGGTTTAATAAGTCTGAAGTTAAAGGCAGTGGCTTAACCATTGTTCGCTTTGGAAACTGTTAAACTTGAGTGCAGAAGGGGAGAGTGGAATTCCCGGTGTAGCGGTGGAATGCGTAGAGATCGGGAGGAACACCAGTGGCGAAGGCGGTCTGCTGGGCTTTAACTGACGCTGAGGCACGAAAGTGTGG","Bacteria",NA,NA,NA,NA,NA,NA
"TACGTAGGTGGCAAGCATTATCCGGAATTATTGGGCGTAAAGGGTGCGTAGGCGGCCTTTTAAGTTTGTGGTGAAAGCGTGGGGCTCAACCCCATACAGCCATAGATACTGGGAGGCTAGAGTACTGGAGGGGATAGTGGAATTCCTAGTGTAGCGGTGGAATGCGTAGATATTAGGAGGAACATCAGTGGCGAAGGCGACTATCTGGACAGCAACTGACACTGAGGCACGAAAGCGTGG","Bacteria","Bacillota_A","Clostridia",NA,NA,NA,NA
"TACGTAGGGGGCAAGCGTTGTCCGGAATGATTGGGCGTAAAGGGCGCGTAGGCGGCCAACTAAGTCTGAAGTGAAACTCCTGCTTTTAAGGCAGGAACTGCTTTGGATACTGGATGGCTTGAGTGCAGGAGAGGTAAGCGGAATTCCCGGTGTAGCGGTGAAATGCGTAGAGATCGGGAGGAACACCAGTGGCGAAGGCGGCTTACTGGACTGTAACTGACGCTGAGGCGCGAAAGTGTG","Bacteria","Bacillota_A","Clostridia","Christensenellales","Aristaeellaceae",NA,NA
"TACGGAGGGTGCAAGCGTTACTCGGAATCACTGGGCGTAAGGGACGCGTAGGCGGATTATCAAGTCTTTTGTGAAATCTAATGGCTTAACCATTAAACTGCTTGAGAAACTGATAATCTAGAGTGAGGGAGAGGCAGATGGAATTGGTGGTGTAGGGGTAAAATCCGTAGAGATCACCAAGAATACCCATTGCGAAGGCAGCTCGCTGTAGCATTACTGACGCTGAAGCTCGAAGGTGCG","Bacteria","Campylobacterota","Campylobacteria","Campylobacterales","Campylobacteraceae","Campylobacter",NA
"TACGTATGGTGCAAGCGTTATCCGGATTTACTGGGTGTAAAGGGAGCGCAGACGGCATGGCAAGCCAGATGTGAAAGGTGGGGGCTCAACCCCGGGACTGCATTGGAAACTGTCGGACTAGAGTGCCGGAGAGGTAAGTGGAATTCCTAGTGTAGCGGTGAAATGCGTAGATATTAGGAGGAACACCAGTGGCGAAGGCGGCCAACTGGGCTTTTACTGACGCTGAGGCTCGAAAGTGTG","Bacteria","Bacillota_A","Clostridia","Christensenellales","CAG-1252","RUG14300",NA
"TACGTAGGGAGCGAGCGTTATCCGGATTCATTGGGCGTAAAGCGCGCGTAGGCGGATGCCTAAGCGGGACCTCTAACCCGGGGGCTCAACCCCCGGCCGGGTCCCGAACTGGGCGTCTCGAGTGCGGTAGGGGCAGGTGGAATTCCATGTGTAGCGGTGGAATGCGCAGATATATGGAAGAACTCCGATTGCGAAGGCAGCTTACCGTAGCGTTACTGACGCTGAAGCTCGAAAGTGCGG","Bacteria","Actinomycetota","Coriobacteriia","Coriobacteriales","Eggerthellaceae","CAKUOV01",NA
"TACGTAGGTGGCAAGCGTTGTCCGGATTTACTGGGTGTAAAGGGCGTGTAGCCGGGCAGACAAGTCAGATGTGAAATCTGGAGGCTTAACCTCCAAACTGCATTTGAAACTGCCTGTCTTGAGTGTCGGAGAGGTAATCGGAATTCCTAGTGTAGCGGTGAAATGCGTAGATATTAGAAGGAACACCAGTGGCGTAGGCGATTTGCTAGGCTATTACTGACGGTCAGGGACGAAAGCGTG","Bacteria","Bacillota_A","Clostridia","Oscillospirales","Oscillospiraceae",NA,NA
"TACGGAAGGTCCGGGCGTTATCCGGATTTATTGGGTTTAAAGGGAGCGTAGGCCGCTGTTTAAGCGTGTTGTGAAAAACCGGGGCTCAACTCCGGTCGTGCAGCGCGAACTGGTAGGCTTGAGTGTGGTAGAGGTAAATGGAATTTCTAGTGTAGCGGTGAAATGCGTAAATATTAGAAGGAACACCAGTGGCGAAGGCGATTTACTGGGCCATAACTGACGCTGAGGCACGAAAGCGTG","Bacteria","Bacillota_I","Bacilli_A","RF39","UBA660","RUG705",NA
"TACGTAGGTGGCAAGCGTTGTCCGGATTTACTGGGTGTAAAGGGAGCGTAGACGGCGATGCAAGTCTGAAGTGAAAGCCCCGGGCTCAACCTGGGTACTGCTTTGGAAACTGTATTGCTGGAGTGCTGGAGAGGTAAGCGGAATTCCTAGTGTAGCGGTGAAATGCGTAGATATATGGAGGAACACCGGTGGCGAAGGCGGCTTCCTGGTCTGTTACTGACGCTCATGCACGAAAGCGTG","Bacteria","Bacillota_A","Clostridia","Lachnospirales","Lachnospiraceae",NA,NA
"TACGGGGGATGCGAGCGTTATCCGGATTTATTGGGTTTAAAGGGTGCGTAGGCGGAAGTGCAAGTCAGCGGTGAAATCCGGCGGCTCAACCGTCGGCCTGCAGTTGATACTGGTGGTCTTGAGTGCGCGCAGGGGCGTTGGAATTCATGGTGTAGCGGTGAAATGCTCAGATATCATGAAGAACTCCGATCGCGAAGGCAGATGCCCGGAGCGCAACTGACGCCCAGGTGCGAAGGTGCG","Bacteria","Bacteroidota","Bacteroidia","Bacteroidales",NA,NA,NA
"TACGGAAGGTCCGGGCGTTATCCGGATTTATTGGGTTTAAAGGGCGCGTAGGCGGGGATGCAAGTCAGATGTGAAATCTATGGGCTCAACCCATAAACTGCATTTGAAACTGTATCTCTTGAGTGTCGGAGAGGTAGATGGAATTCCTAGTGTAGCGGTGAAATGCGTAGATATTAGGAGGAACATCAGTGGCGAAGGCGGTTTACTGGACTGTAACTGACGTTGAGGCGCGAAAGCGTG","Bacteria",NA,NA,NA,NA,NA,NA
"TACGGAAGATGCGAGCGTTATCCGGATTTATTGGGTTTAAAGGGGGCGTAGGCGGAGCGTCAAGTCAGCTGTGAAATGTCGGGGCTCAACCTGGGCATTGCAGCGCGAACTGGCAGACTTGAGTGCACGGGAAGTAGGCGGAATTCGTCGTGTAGCGGTGAAATGCTTAGATATGACGAAGAACTCCGATTGCGAAGGCAGCCTGCTGTAGTGCAACTGACGCTGAAGCTCGAAAGCGTG","Bacteria","Bacteroidota","Bacteroidia","Bacteroidales","Bacteroidaceae","Prevotella",NA
"TACGTAGGTGGCGAGCGTTGTCCGGAATTATTGGGTTTAAAGGGTGCGTAGGTGGCTTGGTAAGTCAGCGGTAAAATTTCGGGGCTTAACCTCGTTTAGCCGTTGAAACTGTCGAGCTCGAGAGGGAGAGAAGTAGGCGGAATGCGCAGTGTAGCGGTGAAATGCATAGATATGACGCAGAACTCCGATTGCGAAGGCAGCTTTCCAGCACGCCACTGACGCTGAGGCACGAAAGCGTGG","Bacteria","Bacteroidota","Bacteroidia","Bacteroidales",NA,NA,NA
"TACGGAGGATGCGAGCGTTATCCGGATTTATTGGGCGTAAAGGGAACGCAGGCGGTCTTTTAAGTCTGATGTGAAAGCCTTCGGCTTAACCGGAGTAGTGCATTGGAAACTGGAAGACTTGAGTGCAGAAGAGGAGAGTGGAACTCCATGTGTAGCGGTGAAATGCTTAGATATCACGAAGAACTCCGATTGCGAAGGCAGCCATCTGGGGTATTACTGACGCTGAGGCTCGAAAGTGCG","Bacteria",NA,NA,NA,NA,NA,NA
"TACGGAAGATGCGAGCGTTATCCGGATTTACTGGGTTTAAAGGGAGCGCAGGCCGTATGGTAAGCGTGTTGTGAAATGCCGTGGCTCAACCATGGCACTGCAGCGCGAACTGCCGTACTTGAGTGCGCGGAGTGCAGGCGGAATTCGTCGTGTAGCGGTGAAATGCTTAGATATGACGAAGAACTCCGATTGCGAAGGCAGCTTGCAGTAGCGTAACTGACGCTGAAGCTCGAAAGTGCG","Bacteria","Bacteroidota","Bacteroidia","Bacteroidales","Bacteroidaceae","Prevotella",NA
"TACGGAAGGTCCGGGCGTTATCCGGATTTACTGGGTGTAAAGGGCGTGCAGCCGGGAATGCAAGTCAGATGTGAAATCCATGGGCTTAACCCATGAACTGCATTTGAAACTGTATTTCTTGAGTACTGGAGAGGCAATCGGAATTCCTAGTGTAGCGGTGAAATGCTTAGATATCACGAAGAACCCCGATTGCGAAGGCAGCCTACCGTAGCGGCACTGACGCTGAGGCTCGAAAGCGTG","Bacteria","Bacillota_A","Clostridia","Oscillospirales","Oscillospiraceae",NA,NA
"TACGTAGGCGGCAAGCGTTGTCCGGAATCATTGGGCGTAAAGGGAGCGCAGGTGGACGTATAGGTCCTTCTTAAAAGTTCGGGGCTCAGCCCCGTGAGGGGACCGAAACTGCGATGCTAGAGTATCGGAGAGGAAAGCGGAATTCCTAGTGTAGCGGTGAAATGCGTAGATATTAGGAGGAACACCGGTGGCGAAAGCGGCTTTCTGGACGACAACTGACGCTGAGGCGCGAAAGCCAGG","Bacteria","Bacillota_C","Negativicutes","Veillonellales","Megasphaeraceae",NA,NA
"TACGGAGGATGCAAGCGTTATCCGGATTCATTGGGTTTAAAGGGAGCGTAGGCGGTCTGGCAAGTCAGCTGTGAAAACGCGGGGCTCAACTCCGCGCCTGCAGTTGATACTGTCGGACTTGAGTGCGCGCAGGGGCGTTGGAATTCATGGTGTAGCGGTGAAATGCTCAGATATCATGAAGAACTCCGATCGCGAAGGCAGATGCCCGGAGCGCAACTGACGCTGAGGCTCGAAAGTGCG","Bacteria","Bacteroidota","Bacteroidia","Bacteroidales","Bacteroidaceae","Alloprevotella",NA
"TACGTAGGTGGCAAGCGTTATCCGGATTTACTGGGTGTAAAGGGTGTGTAGGCGGAGATGCAAGTTGGGAGTGAAATCCATGGGCTTAACCCATGAACTGCTCTCAAAACTGTATCCCTTGAGTATCGGAGAGGCAAGCGGAATTCCTAGTGTAGCGGTGAAATGCGTAGATATTAGGAGGAACACTCGTGGCGAAGGCGACGACCTGGACCGATATTGACGCTGAGGCACGAAAGCGTG","Bacteria","Bacillota_A","Clostridia",NA,NA,NA,NA
"TACGTAGGGAGCAAGCGTTATCCGGATTTATTGGGTGTAAAGGGTGCGTAGACGGGAAATTAAGTTAGTTGTGAAATCCCTCGGCTTAACTGAGGAACTGCAACTAAAACTGGTTTTCTTGAGTGCAGGAGAGGTCAACGGAACTCCATGTGTAGCGGTGAAATGCGTAGATATATGGAAGAACACCGGTGGCGAAGGCGGTTGGCCAGCGCTGCACTGACGCTCAGTCACGAAAGCGTG","Bacteria","Bacillota_A","Clostridia","TANB77","CAG-508","CAKPQL01",NA
"TACGTAGGTGGCAAGCGTTGTCCGGATTTATTGGGCGTAAAGCGAGCGCAGGCGGAAGAATAAGTCTGATGTGAAAGCCCTCGGCTTAACTCGTGAACTGCATTTGAAACTGTTGATCTTGAGTATCGGAGAGGCAATCGGAATTCCTAGTGTAGCGGTGAAATGCGTAGATATTAGGAGGAACACCAGTGGCGAGGGCGGATTGCTGGACGATAACTGACGCTGAGGCTCGAAAGCGTG","Bacteria","Bacillota_A","Clostridia",NA,NA,NA,NA
"TACGGAAGGTCCAGGCGTTATCCGGATTTATTGGGTTTAAAGGGCGTGCAGCCGGGTCTGCAAGTCAGATGTGAAATCCGTGGGCTCAACCCACGAACTGCATTTGAAACTGTGTAGCTGGAGTACAGGAGAGGTAAGTGGAATTCCTAGTGTAGCGGTGAAATGCGTAGATATTAGGAGGAACACCAGTGGCGAAGGCGGCTTTCTGGACTGTAACTGACGCTGAGGCTCGAAAGCCAG","Bacteria","Bacillota_A","Clostridia","Lachnospirales",NA,NA,NA
"TACGTAGGGTGCGAGCGTTGTTCGGAATTATTGGGCGTAAAGGGCATGTAGGCGGAATTGCAAGCTTGATGTGAAAGGCAGGGGCTTAACTCCTGGATTGCGTTGAGAACTGCATAACTAGAGTAACTGAGGGGCAGCCGGAATTCCAGGTGTAGCGGTGAAATGCGTAGATATCGGGAGGAACACCTGTGGCGAAGGCGATTTACTGGACGACAACTGACGCTGAGACACGAAAGCGTG","Bacteria",NA,NA,NA,NA,NA,NA
"TACGTAGGTGGCAAGCGTTATCCGGATTTACTGGGTGTAAAGGGCGTGTAGGCGGGAAGGCAAGTCAGGCGTGAAAACTCGGGGCTCAACCCCGAGCCTGCGTTTGAAACTGTTTTTCTTGAGTGATGGAGAGGCAGGCGGAATTCCGTGTGTAGCGGTGAAATGCGTAGATATCACGAAGAACTCCGATTGCGAAGGCAGCTCTCTGGAGCGCAACTGACGCTGAAGCTCGAAAGTGCG","Bacteria","Bacillota_A","Clostridia","Oscillospirales","Oscillospiraceae",NA,NA
"TACGTAGGGGGCAAGCGTTATCCGGATTTACTGGGTGTAAAGGGAGCGTAGGCGGCCTTGCAAGTCAGAAGTGAAAGCCCGGGGCTCAACTCCGGGACTGCTTTTGAAACTGGCGTTCTTGAGTATACATAAGGATGGTGGAATTCGTGGTGTAGCGGTGAAATGCTTAGATATCACGAAGAACTCCGATTGCAAGGCAGCCATCTGGGGTATTACTGACGCTGAGGCTCGAAAGTGCGG","Bacteria","Bacteroidota","Bacteroidia","Bacteroidales","Bacteroidaceae","UBA6382",NA
"TACGGAAGGTCCAGGCGTTATCCGGATTTATTGGGTTTAAAGGGTGTGTAGGCGGCTATATAAGATAGCGGTGAAATACCTGGGCTTAACCTAGGAACTGCCGTTATTACTATAGAGCTAGAGTGATAGAGAGGATATTGGAATACCCAGTGTAGAGGTGAAATTCGTAGATATTGGGTAGAACACCAGTGGCGAAGGCGGCTTACTGGACTGTAACTGACGTTGAGGCTCGAAAGCGTG","Bacteria","Pseudomonadota","Alphaproteobacteria","RF32","CAG-239",NA,NA
"TACGTAGGGGGCAAGCGTTATCCGGATTTACTGGGTGTAAAGGGAGCGTAGACGGTAGACCAAGTCTGAAGTGAAAGCCCGGGGCTTAACTCCGGGACTGCATTGGAAACTGCCTGGCTGGAGTGTCGGAGAGGCAAGTGGAATTCCTAGTGTAGCGGTGAAGTGCATAGATATTAGGAAGAACACCAGTGGCGAAGGCGGGTTACTGGACGACAACTGACGGTGAGGCGCGAAAGCGTG","Bacteria","Bacillota_A","Clostridia","Lachnospirales","Lachnospiraceae",NA,NA
"TACAGAAGGTCCGGGCGTTATCCGGATTTATTGGGTTTAAAGGGTGCGTAGACGGGAGTTTAAGTTGGTTGTGAAATCCCTCGGCTCAACCGAGGAACTGCAACCAAAACTGGACTTCTTGAGTATCGGAGAGGAAAGTGGAATTCCTAGTGTAGCGGTGAAATGCGTAGATATTAGGAGGAACACCAGTGGCGAAGGCGACTTTCTGGACGAAAACTGACGTTGAGGCACGAAAGCGTG","Bacteria","Bacillota_A","Clostridia","TANB77","CAG-508","Scatovivens",NA
"TACGTAGGTGGCAAGCGTTATCCGGAATTACTGGGTGTAAAGGGTGTGTAGGCGGGACTGCAAGTCAGATGTGAAAATTACGGGCTCAACCCGTAACCTGCGTCTGAAACTGTGGTTCTTGAGAGTGGGAGAGGTAGATGGAATTCCCGGTGTAGCGGTGAAATGCGTAGATATCGGGAGGAACACCAGTGGCGAAGGCAGGTGTCCGGGGTGCAACTGACGCTGAGGCTCGAAAGTGCG","Bacteria","Bacillota_A","Clostridia","Oscillospirales",NA,NA,NA
"TACGTAGGTGGCGAGCGTTATCCGGATTTACTGGGTGTAAAGGGTGTGTAGGCGGGATTGCAAGTCAGATGTGAAACCTATGGGCTTAACCCATAGCCTGCATTTGAAACTGTGATTCTTGAGTGTGGGAGAGGTAAGTGGAATTCCTAGTGTAGCGGTGAAATGCGTAGATGTTAGGAGGAACACCAGTGGCGAAGGCGGCTTACTGGACGATAACTGACGCTGAAGCTCGAAAGTGCG","Bacteria","Bacillota_A","Clostridia",NA,NA,NA,NA
"TACGTAGGTGGCAAGCGTTGTCCGGATTTACTGGGTGTAAAGGGCGTGTAGGCGGGATTGCAAGTCAGATGTGAAATGTAGGGGCTTAACCCCTGAGCTGCATTTGAAACTGTAGTTCTTGAGTGCGCGCAGGGGCGTTGGAATTCATGGTGTAGCGGTGAAATGCTCAGATATCATGAAGAACTCCGATCGCGAAGGCAGATGCCCGGAGCGCAACTGACGCTGAGGCTCGAAAGTGCG","Bacteria","Bacillota_A","Clostridia","Oscillospirales","Oscillospiraceae","Papillibacter",NA
"TACGGAAGGTCCGGGCGTTATCCGGATTTATTGGGTTTAAAGGGAGCGTAGGCGGGCTGTTAAGTCAGCTGTGAAATCCCGGGGCTCAACTCCGGGACTGCGTTGAGAACTGCACGGCTAGAGTAACTGAGGGGCAGCCGGAATTCCAGGTGTAGGGGTGAAATCTGTAGATATCTGGAAGAACACCAGTGGCGAAGGCAGGCTACCAGCAGATTACTGACGCTGAGGTGCGAAGGTATG","Bacteria",NA,NA,NA,NA,NA,NA
"TACGTAGGGGGCGAGCGTTGTCCGGAATTACTGGGCGTAAAGGGCGCGTAGGCGGCCGGATAAGTTAGATGTGAAATCCCCGGGCTCAACCTGGGTGTTGCATTTAAAACTGTCTGGCTTGAGTGCAGGAGAGGAAAGCGGAATTCCTAGTGTAGCGGTGAAATGCGTAGATATTAGGAGGAACATCAGTGGCGAAGGCGGCTTTCTGGACTGTAACTGACGCTGAGGCGCGAGAGCGTG","Bacteria","Bacillota_A","Clostridia","Christensenellales","QALW01","UMGS1338","sp900550805"
"TACGGAGGATGCGAGCGTTATCCGGAATTATTGGGTTTAAAGGGTGCGTAGGCTGTTTGTTAAGTCAGGGGTGAAATACCGCAGCTCAACTGTGGAATTGCCTTTGATACTAGCAGGCTTGAATACTGTTGCCGTGGGAGGAATGAGTAGTGTAGCGGTGAAATGCATAGATATATGGAGGAACACCGGTGGCGAAAGCGGCTCTCTGGTCTGTAACCGACACTGAGGCACGAAAGCGTG","Bacteria","Bacteroidota","Bacteroidia","Bacteroidales",NA,NA,NA
"TACGTAGGGAGCGAGCGTTGTCCGGATTTACTGGGTGTAAAGGGTGCGTAGGCGGCGAGGCAAGTCAGGCGTGAAATCTATGGGCTTAACCCATAAACTGCGCTTGAAACTGTCTTGCTTGAGTGAAGTAGAGGTAGGCGGAATTCCCGGTGTAGCGGTGAAATGCGTAGAGATCGGGAGGAACACCAGTGGCGAAAGCGGCTTTCTGGACGACAACTGACGCTGAGGCGCGAAAGCCAG","Bacteria","Bacillota_A","Clostridia","Oscillospirales","Acutalibacteraceae","Clostridium_A",NA
"TACGGAAGGTCCGGGCGTTATCCGGATTTATTGGGTTTAAAGGGAGCGTAGGCGGGCTGTTAAGTCAGCTGTGAAATCCGGCGGCTCAACCGTCGGCCTGCAGTTGAAACTGTTTGTCTTGAGTTCACATAAGGATGGTGGAATTTGTGGTGTAGCGGTGAAATGCATAGATATCACGAAGAACTCCGATTGCGAAGGCAGCTCACGGGAGCGCAACTGACGCTGAAGCTCGAAAGTGCG","Bacteria","Bacteroidota","Bacteroidia","Bacteroidales","Bacteroidaceae","UBA6382",NA
"TACGTAGGTGGCGAGCGTTGTCCGGAATTATTGGGCGTAAAGGGCATGTAGGCGGTTTTGCAAGCTTGGTGTGAAATTCCGGAGCTCAACTCCGGAACTGCGTTGAGAACTGGATAACTAGAGTTACTGAAGTGAAATCAGAATTCCAGGTGTAGGGGTGAAATCTGTAGATATCTGGAAGAATACCAATGGCGAAGGCAGGTTTCAGGCAGATAACTGACGCTGAGGTGCGAAGGTGCG","Bacteria","Spirochaetota","Spirochaetia","Treponematales","Treponemataceae",NA,NA
"TACGGAAGGTCCGGGCGTTATCCGGATTTATTGGGTTTAAAGGGAGTGCAGGCGGTTTAATAAGTCTGAAGTTAAAGGCAGTGGCTTAACCATTGTTCGCTTTGGAAACTGTTAAACTTGAGTGCAGAAGGGGAGAGTGGAATTCCATGTGTAGCGGTGAAATGCGTAGATATATGGAGGAACACCGGTGGCTAAGGCGGATTACTGGACGACAACTGACGGTGAGGCGCGAAAGCGTGG","Bacteria",NA,NA,NA,NA,NA,NA
"TACAGAGGTCGCGAGCGTTGTTCGGATTTACTGGGCGTAAAGGGCGCGTAGGCTGCGAAGTGTGTCGGATGTGAAATCTCCGGGCCCAACCCGGGAAGTGCGTCCGAAACTGCTTCGCTGGAGGACGGAATGGGGAATCGGAATGCAGGGTGTAGCGGTGAAATGCGTTGATATCCTGCAGAACACCGGAGGCGAAGGCGGATTCCTGGACTGTAACTGACGTTGAGGCGCGAAAGCGTG","Bacteria","Verrucomicrobiota","Kiritimatiellia","RFP12","UBA1067","RGIG8368",NA
"TACGTAGGGAGCGAGCGTTATCCGGATTCATTGGGCGTAAAGCGCGCGTAGGCGGCTCGCCAAGCGGGATGTCAAAGCCCGGGGCTCAACCCCGGCCCGCATCCCGAACTGGCGGGCTTGAGTTCGGTAGGGGAAAGTGGAATGCCCAGTGTAGCGGTGAAATGCGCAGATATTGGGCAGAACACCAGTGGCGAAGGCGGCTTTCTGGGCCGTAACTGACGCTGAGACGCGAAAGCTAGG","Bacteria","Bacillota_A","Clostridia","Christensenellales","CAG-138","CAG-1024","sp004554165"
"TACGTAGGTGGCGAGCGTTGTCCGGATTTACTGGGTGTAAAGGGCGAGTAGGCGGTCTTGCAAGTCAGATGTGAAATACCGGAGCTCAACTCCGGGGCTGCATTTGAAACTGTAGGACTTGAGTGATGGAGAGGCAGGCGGAATGCGGATGCTGTGGGAGGAATGAGTGGTGTAGCGGTGAAATGCATAGATATCACTCAGAACACCGATTGCGAAGGCATCTCACAAATCCGCAATTGA","Bacteria","Bacillota_A","Clostridia","Oscillospirales","UMGS1384","SIG502",NA
"TACGTAGGGGGCAAGCGTTATCCGGATTTACTGGGTGTAAAGGGAGCGTAGACGGTTATGCAAGTCTGAAGTGAAATGCGGGGGCTTAACCCCTGAACTGCTTTCAAAACTGTTTTTCTTGAGTGGTGTAGAGGTAGGCGGAATTCGTGGTGTAGCGGTGAAATGCTTAGATATCACGAAGAGCCCCGATTGCGAAGGCAGCCTACCGTAGCGGCACTGACGCTGAGGCTCGAAAGCGTG","Bacteria","Bacillota_A","Clostridia",NA,NA,NA,NA
"TACATAGGTTGCAAGCGTTATCCGGAATAACTGGGCGTAAAGGGAGCGTAGGTGGATAGGTAAGTCTCATGTGAAAGCCCAAGGCTTAACCATGGAACTGCATGAGATACTGTCAATCTAGAGTGTGAGAGAGGTAAACGGAATTCCTAGTGTAGCGGTGAAATGCGTAGATATTAGGAGGAACACCAGTGGCGAAGGCGGCTTGCTGGGCTTTTACTGACGCTGAGGCTCGAAAGTGTG","Bacteria","Bacillota_A","Clostridia",NA,NA,NA,NA
"TACGAAGGGGGCGAGCGTTGTTCGGAATTACTGGGCGTAAAGGGTGTGTAGGCGGCTATATAAGATAGCGGTGAAATACCTGGGCTTAACCTAGGACGTGCGTTCAAGACTGCGGGGCTTGAATACGGGAGAGGGTCGTGGAATTCCTGGTGTAGAGGTGAAATTCGTAGATATATGGAAGAACACCAGTGGCGAAGGCGGCTCTCTGGTCTGCAACTGACGCTGAGGCTCGAAAGCATG","Bacteria",NA,NA,NA,NA,NA,NA
"TACGTAGGGAGCGAGCGTTGTCCGGAATTACTGGGTGTAAAGGGAGCGTAGGCGGGACGGTAAGTCAGATGTGAAATATACGTGCTCAACATGTAGACTGCATTTGAAACTGCTGTTCTTGAGTGAAGTAGAGGTAAGCGGAATTCCTAGTGTAGCGGTGAAATGCCTAGATATGACGAAGAACTCCGATCGCGAAGGCAGGTGTCCGGGGTGCAACTGACGCTGAGGCTCGAAGGTGCG","Bacteria","Bacillota_A","Clostridia","Oscillospirales","Ruminococcaceae","Porcipelethomonas",NA
"TACGGAAGGTCCGGGCGTTATCCGGATTTATTGGGTTTAAAGGGCATGTAGGCGGTTTTGCAAGCTTGATGTGAAAGGCAGGAGCTTAACTCCTGGACTGCGTTGAGAACTGCATGACTGGAGTCACTGAGGGGCAATCAGAATTCCTGGTGTAGGGGTGAAATGCGTAGATATATGGAGGAACACCGGTGGCGAAAGCGGCTCTCTGGTCTGTAACTGACGCTGAGGCTCGAAAGCGTG","Bacteria",NA,NA,NA,NA,NA,NA
"TACGGAGGGTGCGAGCGTTGTCCGGAATCATTGGGCGTAAAGCGTTCGTAGGCGGTTTGCAAGGTCCGATGTTAAAGACCGGGGCTCAACTCCGGAAGGGCATCGGATACCGGTAGACTTGAATGTGGCAGAGGTTAAGGGAATTCCCGGTGTAGCGGTGAAATGCGTAGATATCGGGAGGAACATCAGAGGCGAAAGCGCTTAACCGGGCCATAATTGACGCTGAGGAACGAAAGCCGG","Bacteria","Cyanobacteriota","Vampirovibrionia","Gastranaerophilales","Gastranaerophilaceae",NA,NA
"TACGTATGGAGCAAGCGTTATCCGGATTTACTGGGTGTAAAGGGAGCGTAGGCGGGATTGCAAGTCAGATGTGAAAACTTAGGGCTCAACCTTAAGATTGCATTTGAAACTGTAGTTCTTGAGTGAAGTAGAGGTAAGCGGAATTCCTAGTGTAGCGGTGAAATGCGTAGATATTAGGAGGAACCCCGATTGCGAAGGCAGCTTGCGGGAGCGCAACTGACGCTGAAGCTCGAAGGTGCG","Bacteria","Bacillota_A","Clostridia","Oscillospirales","Ruminococcaceae","Ruminococcus_F",NA
"TACGGGGGATGCGAGCGTTATCCGGATTTATTGGGTTTAAAGGGTGCGTAGGCGGTCCGGTAAGTCAGCCGTGAAAAGCCCCCGCTCAACGGGGGTCGTGCGGCGCGAACTGGTCCACTTGAGTACGCGGGACGTTGGCGGAATTCGTGGTGTAGCGGTGAAATGCTTAGATATCACGAAGAACTCCGATTGCGAAGGCAGCTCACTGGGGCGCAACTGACGCTGAAGCTCGAAAGCGCG","Bacteria","Bacteroidota","Bacteroidia","Bacteroidales","Bacteroidaceae",NA,NA
"TACGTAGGTGGCGAGCGTTGTCCGGAATTATTGGGCGTAAAGGGCGCGTAGACGGATTTGCAAGTTGGATGTGAAATCCCTTGGCTCAACCAAGGAACTGCATCCAAAACTGTAAACCTTGAGTATGGGAGAGGAAAGCGGAATTCCTAGTGTAGCGGTGAAATGCTTAGATATCACGAAGAACCCCGATTGCGAAGGCAGCTTACCGTAGCGTTACTGACGCTGAAGCTCGAAAGTGCG","Bacteria",NA,NA,NA,NA,NA,NA
"TACGTAGGGGGCGAGCGTTATCCGGATTTATTGGGCGTAAAGCGTGTGTAGGCGGTTTGTTAAGTTTAAGATTAAAGCCTGGGGCTCAACTCCAGTTCGTCTTAAAAACTGGCAGACTAGAGTGCGGTAGAGGCAAACGGAATTTCTAGTGTAGCGGTGAAATGCGTAGATATCACGAAGAACTCCGATTGCGAAGGCAGCTCGCTGTAGCATTACTGACGCTGAAGCTCGAAGGTGCGG","Bacteria","Bacillota_I","Bacilli_A","RF39","UBA660",NA,NA
"TACGGAAGGTCCAGGCGTTATCCGGATTTACTGGGTGTAAAGGGAGCGTAGACGGCAAAGCAAGTCTGAAGTGAAATCCATGGGCTCAACCCATGAACTGCTTTCAAAACTGTTTTTCTTGAGTAGTGCAGAGGTAGGCGGAATTCCCGGTGTAGCGGTGGAATGCGTAGATATCGGGAGGAACACCAGTGGCGAAGGCAGCTTTCTGGGTTACTATTGACGCTCAGTCACGAAAGCGTG","Bacteria","Bacillota_A","Clostridia","Oscillospirales","Ruminococcaceae",NA,NA
"TACGGAAGATGCGAGCGTTATCCGGATTTATTGGGTTTAAAGGGAGCGTAGGCGGAGCGTCAAGTCAGCTGTGAAATGTCGCGGCTCAACCGTGGAGCTGCAGTTGAAACTGGCGTTCTTGGGTGAAGTAGAGGTTGGCGGAATTCCCGGTGTAGCGGTGAAATGCGTAGATATTGGGAGGAACATCAGTGGCGAAGGCGGCCAACTGGGCTTTTACTGACGCTGAGGCTCGAAAGCGTG","Bacteria","Bacillota_A","Clostridia","Oscillospirales",NA,NA,NA
"TACGGAAGGTCCGGGCGTTATCCGGATTTATTGGGTTTAAAGGGAGCGTAGGCCGGAGATTAAGCGTGTTGTGAAATACGGCGGCTCAACCGTCGGACTGCAGTTGATACTGGAAGCCTTGAGTTCACACAGGGATGCCGGAATTCATGGTGTAGCGGTGAAATGCGTAGATATATGGAAGAACACCGGTGGCGAAGGCGGTTGGCCAGCGCTGCACTGACGCTCAGTCACGAAAGCGTG","Bacteria",NA,NA,NA,NA,NA,NA
"TACGTAGGTGGCGAGCGTTGTCCGGATTCATTGGGTTTAAAGGGTGCGTAGGTGGCTTGTTAAGTCAGCGGTGAAAGTCAGTGGCTCAACCATTGAATTGCCGTTGAAACTGGCGAGCTTGAGTACGTACGGGGCAGGCGGAATGCGTGGTGTAGCGGTGAAATGCGTAGAGATCGGGAGGAACACCAGTGGCGAAGGCGGCCTACTGGGCTTTAACTGACGCTGAGGCACGAAAGCATG","Bacteria",NA,NA,NA,NA,NA,NA
"TACGTAGGTGGCAAGCGTTGTCCGGAATTATTGGGCGTAAAGGGCGCGCAGGTGGACGTATAGGTCCTTCTTAAAAGTTCGGGGCTCAGCCCCGTGAGGGGAAGGAAACCATGCGTCTTGAGTGCAGAAGAGGGTAATGGAACTCCATGTGTAGCGGTAAAATGCGTAGATATATGGAAGAACACCAGCGGCGAAGGCGGTTACCTGGTCTGTAACTGACGCTCAGGCACGAAAGCGTGG","Bacteria",NA,NA,NA,NA,NA,NA
"TACGGAAGGTCCAGGCGTTATCCGGATTTATTGGGTTTAAAGGGAGCGTAGGCGGAGAGATAAGTCAGCGGTAAAATCGTGCGGCTCAACTCCGGTCAGGCATTGGATACTGGATAGCTAGAATGTGGTAGAGGTAAAGGGAATTCCTGGTGTAGCGGTGAAATGCGCAGATATTAGGAGGAACACCAGTGGCGAAGGCGGCTTACTGGACGATAACTGACGCTGAGGCTCGAAAGCGTG","Bacteria","Bacillota_A","Clostridia","Lachnospirales","Lachnospiraceae",NA,NA
"CACGTAAGTTGCGAGCGTTGTTCGGAATTATTGGGCGTAAAGGGCATGTAGGCGGTTATCTAAGCTTGGTGTGAAATGTAGACGCTCAACGTCTGCACTGCAGCGCGAACTGGTTTCCTTGAGTACGCACAAAGTGGGCGGAATTCGTGGTGTAGCGGTGAAATGCTTAGATATCACGAAGAACTCCGATTGCGAGGGCAGCTTGCGGGAGTGTTACTGACGCTGAAGCTCGAAGGTGCG","Bacteria","Bacteroidota","Bacteroidia","Bacteroidales","Bacteroidaceae","Prevotella",NA
"TACGGAAGGTCCGGGCGTTATCCGGATCTATTGGGTTTAAAGGGAGCGTAGGCCGGAGATTAAGCGTGTTGTGAAATGTAGACGCTCAACGTCTGCACTGCAGCGCGAACTGGCGGCCTTGAGTAGTCCAGAGGCTGGCGGAATTCCTGGTGTAGCGGTGGAATGCGTAGATATCAGGAAGAACACCGATGGCGAAGGCAGCCGGCTGGGGACTTACTGACGCTGAGGCTCGAAAGCGCG","Bacteria","Fibrobacterota","Fibrobacteria","Fibrobacterales","Fibrobacteraceae","Hallerella",NA
"TACGGGGGATGCGAGCGTTATCCGGATTTATTGGGTTTAAAGGGTGCGTAGGCGGACCCTTAAGTCAGTTGTGAAATACGGCGGCTCAACCGTCGGACTGCAGTTGATACTGGGGGTCTTGAGTTCACACAGGGATGCCGGAATTCATGGTGTAGCGGTGAAATGCGTAGATATTGGGAGGAACACCAGTGGCGAAGGCGCCTTTCTGGACTGTGTCTGACGCTGAGATGCGAAAGCCAG","Bacteria",NA,NA,NA,NA,NA,NA
"CACGTAAGTTGCGAGCGTTGTTCGGAATTATTGGGCGTAAAGGGCATGTAGGCGGTTTTGCAAGCTTGGTGTGAAATTCCGGAGCTTAACTCCGGGACTGCGTTGAGAACTGCACGGCTAGAGTAACTGAGGGGCAGCCGGAATTCCAGGTGTAGGGGTGAAATCTGTAGATATCACACAGAACACCGATTGCGAAGGCATCTCACGAATCCGCAATTGACGCTGAGGCACGAAAGTGTG","Bacteria","Spirochaetota","Spirochaetia","Treponematales","Treponemataceae",NA,NA
"TACGTAGGTGGCGAGCGTTGTCCGGAATTACTGGGTGTAAAGGGCGCGTAGACGGGTAAGTAAGTCAGATGTGAAATACCGGGGCTCAACTCCGGGGCTGCATTTGAAACTATTTATCTTGAGTGCAGGAGAGGGAAGCGGAATTCCTAGTGTAGCGGTGAAATGCGTAGATATTAGGAGGAACACCAGTGGCGAAGGCGATTTGCTAGGCTATTACTGACGGTCAGGGACGAAAGCGTG","Bacteria","Bacillota_A","Clostridia","UBA1381","UBA9506","UMGS755",NA
"TACGTAGGTGGCAAGCGTTATCCGGAATTATTGGGCGTAAAGAGAGAGCAGGCGGTCATTTAAGTCTGAAGTCAAAAGCAGTGGCTCAACTATTGTTCGCTTTGGATACTGGGTGGCTAGAGTTCGAGAGAGGTTAGCGGAACTCCATGTGTAGCGGTGAAATGCGTAGATATATGGAAGAACACCAGTGGCGAAGGCGGCTAACTAGCTCGATACTGACGCTCAATCTCGAAAGCGTGG","Bacteria","Bacillota_I","Bacilli_A","RFN20","CAG-826",NA,NA
"TACGGAGGGTGCTAGCGTTAATCGGATTTATTGGGCGTAAAGGGCGTGTAGGCGGAAGAGTAAGTCAGTTGTCAAATCTCGGGGCTCAACCCCGAATCGGCATCTGATACTATTTTTCTAGAGGGTAGATGGAGAAAAGGGAATTTCACGTGTAGCGGTGAAATGCTTAGATATGACGAAGAACTCCGATTGCGAAGGCAGCCTGCTGTAGTGCAACTGACGCTGAAGCTCGAAAGCGTG","Bacteria","Chlamydiota","Chlamydiia","Chlamydiales","Chlamydiaceae","Chlamydia",NA
"TACGTAGGGGGCAAGCGTTATCCGGATTTACTGGGTGTAAAGGGAGCGTAGGCGGCAGGGCAAGCCAGATGTGAAAGGCGGGGGCTCAACCCCCGGACTGCATTTGGAACTGTCCGGCTGGAGTGTTGGAGAGGTAAGCGGAATTCCTAGTGTAGCGGTGAAATGCGTAGATATTAGGAGGAACTCCGATTGCGAAGGCAGCCTTCTGGAGTGCAATTGACGCTGAGGCTCGAAAGTGCG","Bacteria","Bacillota_A","Clostridia","Lachnospirales","Lachnospiraceae",NA,NA
"TACGTAGGTGGCAAGCGTTGTCCGGATTTATTGGGCGTAAAGCGAGCGCAGGCGGAAGATCAAGTCAGTAGTGAAATCCATGGGCTTAACTCATGGCGTGCTATTGAAACTGATTTTCTTGAGTGAGTCAGAGGCAGGCGGAATTCCCGGTGTAGCGGTGAAATGCATAGAGATCGGGAGGAACACCAGTGGCGAAGGCGGCCTGCTGGGGCTTAACTGACGCTGAGGCACGAAAGCGTG","Bacteria","Bacillota_A","Clostridia","Oscillospirales","Acutalibacteraceae","Yeguia",NA
"TACGGAAGGTCCGGGCGTTATCCGGATTTATTGGGCGTAAAGCGTGCGTAGGCGGTTTATTAAGTCTAAAATTAAAGCCCGAGGCTTAACCTCGGGACTGCATTGGAAACTGTGAGACTTGAGTGTCGGAGGGGCAAGTGGAATTCCTAGTGTAGCGGTGAAATGCGTAGATATTAGGAGGAACACCAGTGGCGAAGGCGGCTTGCTGGACGACAACTGACGCTGAGGCTCGAAAGCGTG","Bacteria","Bacillota_A","Clostridia",NA,NA,NA,NA
"CACGTAAGTTGCGAGCGTTGTTCGGAATTATTGGGCGTAAAGGGCATGTAGGCGGTTTTGCAAGCTTGGTGTGAAATCCCTCGGCTCAACTGAGGAACTGCAACTAAAACTACTTCCCTTGAGTACTGGAGAGGAAAGTGGAATTCCTAGTGTAGCGGTGAAATGCGTAGATATTAGGAGGAACACCAGTGGCGAAGGCGACTTTCTGGACAGTAACTGACGTTGAGGCACGAAAGTGTG","Bacteria","Bacillota_A","Clostridia","TANB77","CAG-508","Scatovivens",NA
"AACGTAGGGTGCAAGCGTTGTCCGGAATTACTGGGTGTAAAGGGAGCGCAGGCGGACCGGCAAGTTGGAAGTGAAATCTATGGGCTCAACCCATAAACTGCTTTTGAAACTGTTTTTCTTGAGTATCGGAGAGGCAGGCGGAATTCCTAGTGTAGCGGTGAAATGCGTAGATATTAGGAGGAACACCAGTGGCGAAGGCGGCCTGCTGGGCTTTAACTGACGCTGAGGCTCGAAAGTGTG","Bacteria","Bacillota_A","Clostridia","Oscillospirales","Ruminococcaceae",NA,NA
"TACGGAAGGTCCGGGCGTTATCCGGATTTATTGGGTTTAAAGGGAGCGCAGGCCGCCGGGCAAGCGTGTTGTGAAATGCAGTCGCTCAACGTCTGCACTGCAGCGCGAACTGCCCAGCTTGAGTGCGCGCAACGTTGGCGGAATTCGCCGTGTAGCGGTGAAATGCTTAGATATTAGGAGGAACACCAGTGGCGAAGGCGATTTGCTAGGCTATTACTGACGGTCAGGGACGAAAGCGTG","Bacteria","Bacteroidota","Bacteroidia","Bacteroidales","Bacteroidaceae","Prevotella",NA
"TACGGGGGATGCGAGCGTTATCCGGATTTATTGGGATTAAAGGGTGCGTAGGCGGGCTGTTAAGTCAGCTGTGAAATCCGGCGGCTCAACCGTCGGCCTGCAGTTGATACTGGCGGCCTTGAGTGCGCGCAGGGGCGTTGGAATTCATGGTGTAGCGGTGAAATGCGTAGATATATGGAAGAACACCGGTGGCGAAGGCGGTTGGCCAGCGCTGCACTGACGCTCAGTCACGAAAGCGTG","Bacteria",NA,NA,NA,NA,NA,NA
"TACGTAGGTGGCAAGCGTTGTCCGGAATTACTGGGTGTAAAGGGAGCGCGGGCGGACCGGCAAGTTGGAAGTGAAAACCATGGGCTCAACCCATGAATTGCTTTCAAAACTGCTGGCCTTGAGTAGTGCAGAGGTAGGCGGAATTCCCGGTGTAGCGGTGGAATGCGTAGATATCAGGAGGAACACTCGTGGCGAAGGCGACGACCTGGACCGATATTGACGCTGAGACGCGAAAGCGTG","Bacteria","Bacillota_A","Clostridia","Oscillospirales","Ruminococcaceae",NA,NA
"TACGGAAGGTCCGGGCGTTATCCGGATTTACTGGGTGTAAAGGGAGCGTAGACGGTAAAGCAAGTCTGAAGTGAAAGCCCGCGGCTCAACTGCGGGACTGCTTTGGAAACTGTTTAACTGGAGTGCTGGAGAGGTAAGCGGAATTCCTAGTGTAGCGGTGAAATGCGTAGATATTGGGAGGAACACCAGTGGCGAAGGCGCCTTTCTGGACTGTGTCTGACGCTGAGATGCGAAAGCCAG","Bacteria","Bacillota_A","Clostridia","Lachnospirales","Lachnospiraceae","Otoolea",NA
"TACGTAGGGGGCAAGCGTTATCCGGATTTACTGGGTGTAAAGGGAGCGTAGACGGCAAAGCAAGTCTGAAGTGAAAGCCATGGGCTCAACCCATGAACTGCTCTCAAAACTGTATCCCTTGAGTATCGGAGAGGCAAGCGGAATTCCTAGTGTAGCGGTGAAATGCGTAGATATTAGGAGGAACACCAGTGGCGAAGGCGGCTTTCTGGACTGTAACTGACGCTGAGGCTCGAAAGCCAG","Bacteria","Bacillota_A","Clostridia","Lachnospirales","Lachnospiraceae",NA,NA
"TACGTAGGTGGCAAGCGTTGTCCGGATTTACTGGGCGTAAAGGGCGAGTAGGCGGACCTGCAAGTCAGATGTGAAATCCCCGGGCTTAACCCGGGAACTGCATTTGAAACTGTAGGCCTTGAGTGCAGGAGAGGAAAGGGGAATTCCCAGTGTAGCGGTGAAATGCGTAGATATTGGGAGGAACACCAGTGGCGAAGGCGCCTTTCTGGACTGTGTCTGACGCTGAGATGCGAAAGCCAG","Bacteria","Verrucomicrobiota","Kiritimatiellia","RZYC01","RZYC01","RZYC01",NA
"TACGTAGGTGGCAAGCGTTGTCCGGATTTACTGGGTGTAAAGGGCGTGTAGCCGGGAGGGCAAGTCAGATGTGAAATCCACGGGCTTAACTCGTGAACTGCATTTGAAACTGTTCTTCTTGAGTACTGGAGAGGCAATCGGAATTCCTAGTGTAGCGGTGAAATGCGTAGATATTACTCAGAACACCGATTGCGAAGGCATCTCACGAAGGGGCGATTGACGCTGAGGCACGAAAGCGTG","Bacteria","Bacillota_A","Clostridia","Oscillospirales","Oscillospiraceae","Vescimonas",NA
"TACGTAGGTGGCAAGCGTTGTCCGGATTTACTGGGTTTAAAGGGAGCGCAGGCCGTATGGTAAGCGTGTTGTGAAATGCCGTGGCTCAACCATGGCACTGCAGCGCGAACTGCCGTACTTGAGTACGCTGGAGGTAGGCGGAATTCGTGGTGTAGCGGTGAAATGCTTAGATATCACGAGGAACCCCGATTGCGAAGGCATCTCACAAATCCGTTATTGACGCTGAGGCACGAAAGCGTG","Bacteria","Bacteroidota","Bacteroidia","Bacteroidales",NA,NA,NA
"TACGGGGGGTGTGAGCGTTGTCCGGAATTATTGGGCGTAAAGGGAGCGCAGGCCGTATGGTAAGCGTGTTGTGAAATGCAGTCGCTCAACGTCTGCACTGCAGCGCGAACTGCCCAGCTTGAGTGCGCGCAACGTTGGCGGAATTCGCCGTGTAGCGGTGAAATGCTTAGATATGGCGAAGAACTCCGATTGCGAAGGCAGCTCGCTGTAGCATTACTGACGCTGGAGCTCGAAGGTGCG","Bacteria","Bacteroidota","Bacteroidia","Bacteroidales","Bacteroidaceae","Prevotella",NA
"TACGGGGGATGCGAGCGTTATCCGGATTCATTGGGTTTAAAGGGTGCGTAGGCTGTTTGTTAAGTCAGGGGTGAAATACCGCAGCTCAACTGTGGAATTGCCTTTGATACTAGCAGGCTTGAATACTGTTGCCGTGGGAGGAATGAGTAGTGTAGCGGTGAAATGCATAGATATGGCGAAGAACTCCGATTGCGAAGGCAGCTGACGGGTGCGTAACTGACGCTCATGCTCGAAAGTGCG","Bacteria","Bacteroidota","Bacteroidia","Bacteroidales",NA,NA,NA
"TACGTATGGTGCAAGCGTTAATCGGAATTACTGGGCGTAAAGCGCGCGTAGGTTGTTTTGTAAGTCAGAGGTGTAATCCCACGGCTTAACCGTGGAACTGCCTTTGATACTGCATAACTTGGATCCGGGAGAGGACAGCGGAATTCCAGGTGTAGGAGTGAAATGCATAGATATTGCGCAGAACTCCGATTGCGAAGGCAGCCTACCGGCTTCTATCTGACACTGAGGCACGAAAGCGTG","Bacteria","Cyanobacteriota","Vampirovibrionia","Gastranaerophilales","Gastranaerophilaceae","UBA2883",NA
